The following methods will be used: maxwell bruggeman ap
Creating a csv file: command.csv
No plotting has been requested
The frequency increment is 0.20 cm-1
The default width factor (-sigma) has been set to 5.000000 cm-1
The permittivity of the medium (-dielectric) has been set to 2.0000
The density of the medium (-density) has been set to 2.2000 g/cc
Vmin is:     0.0 cm-1
Vmax is:   300.0 cm-1
All phonon modes will be considered

Program used to perform the phonon calculation was: castep
The file containing the output is: phonon.castep
No projection of the dynamical matrix will be performed
The charge neutrality of the Born atomic charges will not be enforced
 
Shape depolarisation matrix: needle [0,0,1] xyz=[-0.230678,-0.237479,0.943606]
            0.473394      -0.027391       0.108835
           -0.027391       0.471802       0.112043
            0.108835       0.112043       0.054804
 
Shape depolarisation matrix: ellipsoid [0,0,1] 0.5xyz=[-0.230678,-0.237479,0.943606]
            0.251874       0.015930      -0.063298
            0.015930       0.252800      -0.065164
           -0.063298      -0.065164       0.495326
 
Shape depolarisation matrix: plate (1,0,0) xyz=[0.956157,0.124489,0.265077]
            0.914237       0.119031       0.253455
            0.119031       0.015497       0.032999
            0.253455       0.032999       0.070266

Volume of unit cell is   151.88042800 Angstrom^3
Total unit cell mass is:   238.10674000 g/mol
Crystal density is:   2.60327 g/cc


Concentration for unit volume fraction   10.9332 moles/Litre
 
 
Transverse frequencies (cm-1)
    -41.00     -0.04     -0.03     -0.02     72.78     81.51    103.77    110.08
    121.84    125.47    165.35    188.60    192.57    199.83    210.70    216.39
    239.31    331.17    351.83    477.98    496.18    525.22    537.80    559.77
    577.76    613.07    687.16    712.11    985.91   1114.61   1154.22   1349.01
   1356.87   1417.59   1430.78   2506.58
 
 
Longitudinal frequencies (cm-1) q->0 q(cart)=[ 0.5164, 0.5138, 0.6851] (1,1,1)
    -40.08     -0.03     -0.02      1.61     73.63     81.51    103.77    110.08
    121.84    126.12    166.40    188.60    199.83    210.70    216.35    239.28
    239.31    331.17    351.84    478.36    496.18    529.10    541.86    559.77
    577.76    622.38    687.16    734.72    985.91   1123.65   1154.22   1356.87
   1382.18   1430.78   1435.13   2506.58
 
Calculated Integrated IR band intensities (espilon_max assumes a fwhm line width)
Only IR active modes are shown

Mode Frequency Intensity         Integrated Molar Absorption Epsilon_max   FWHM  
     cm-1      Debye2/Angs2/amu   Coefficient L/mole/cm/cm    L/mole/cm    cm-1  
---- --------- ----------------  --------------------------- -----------   ----  
   4    72.78          3.270815                13821.154954   1759.7641      5.0
   9   125.47          0.660838                 2792.438803    355.5444      5.0
  10   165.35          0.491887                 2078.516931    264.6450      5.0
  12   192.57          4.161260                17583.819288   2238.8414      5.0
  15   216.39          3.575798                15109.892000   1923.8512      5.0
  18   351.83          0.084267                  356.077343     45.3372      5.0
  19   477.98          0.138925                  587.040837     74.7444      5.0
  21   525.22          1.694487                 7160.223882    911.6680      5.0
  22   537.80          2.537072                10720.652489   1364.9959      5.0
  25   613.07          5.220632                22060.303092   2808.8050      5.0
  27   712.11         17.376541                73426.310297   9348.9282      5.0
  29  1114.61         10.746782                45411.602211   5781.9848      5.0
  31  1349.01         28.536341               120583.163567  15353.1252      5.0
  33  1417.59         26.935991               113820.721869  14492.1044      5.0
 
 
Permittivity contribution from ionic displacements
            6.694483      -2.255692      -2.896438
           -2.255692       3.240441       1.597174
           -2.896438       1.597174       3.661169
 
Optical permittivity at zero frequency
            2.261110      -0.041990      -0.106340
           -0.041990       2.203310       0.073450
           -0.106340       0.073450       2.345640
 
Total permittivity
            8.955593      -2.297682      -3.002778
           -2.297682       5.443751       1.670624
           -3.002778       1.670624       6.006809
