   3   1   5 E -3.7086795543190E+03 DE-7.4E-11(  8)
  0.282159467942E+01 -0.162904844770E+01  0.000000000000E+00
  0.000000000000E+00  0.325809689541E+01  0.000000000000E+00
  0.000000000000E+00  0.000000000000E+00  0.523527766355E+01
   12
  0.100000000000E+01  0.000000000000E+00  0.000000000000E+00
  0.000000000000E+00  0.100000000000E+01  0.000000000000E+00
  0.000000000000E+00  0.000000000000E+00  0.100000000000E+01
  0.000000000000E+00  0.000000000000E+00  0.000000000000E+00
 -0.100000000000E+01  0.000000000000E+00  0.000000000000E+00
  0.000000000000E+00 -0.100000000000E+01  0.000000000000E+00
  0.000000000000E+00  0.000000000000E+00  0.100000000000E+01
  0.000000000000E+00  0.000000000000E+00  0.261763883178E+01
 -0.500000000000E+00 -0.866025403784E+00  0.000000000000E+00
  0.866025403784E+00 -0.500000000000E+00  0.000000000000E+00
  0.000000000000E+00  0.000000000000E+00  0.100000000000E+01
  0.000000000000E+00  0.000000000000E+00  0.000000000000E+00
 -0.500000000000E+00  0.866025403784E+00  0.000000000000E+00
 -0.866025403784E+00 -0.500000000000E+00  0.000000000000E+00
  0.000000000000E+00  0.000000000000E+00  0.100000000000E+01
  0.000000000000E+00  0.000000000000E+00  0.000000000000E+00
  0.500000000000E+00 -0.866025403784E+00  0.000000000000E+00
  0.866025403784E+00  0.500000000000E+00  0.000000000000E+00
  0.000000000000E+00  0.000000000000E+00  0.100000000000E+01
  0.000000000000E+00  0.000000000000E+00  0.261763883178E+01
  0.500000000000E+00  0.866025403784E+00  0.000000000000E+00
 -0.866025403784E+00  0.500000000000E+00  0.000000000000E+00
  0.000000000000E+00  0.000000000000E+00  0.100000000000E+01
  0.000000000000E+00  0.000000000000E+00  0.261763883178E+01
 -0.500000000000E+00  0.866025403784E+00  0.000000000000E+00
  0.866025403784E+00  0.500000000000E+00  0.000000000000E+00
  0.000000000000E+00  0.000000000000E+00  0.100000000000E+01
  0.000000000000E+00  0.000000000000E+00  0.000000000000E+00
  0.100000000000E+01  0.000000000000E+00  0.000000000000E+00
  0.000000000000E+00 -0.100000000000E+01  0.000000000000E+00
  0.000000000000E+00  0.000000000000E+00  0.100000000000E+01
  0.000000000000E+00  0.000000000000E+00  0.000000000000E+00
 -0.500000000000E+00 -0.866025403784E+00  0.000000000000E+00
 -0.866025403784E+00  0.500000000000E+00  0.000000000000E+00
  0.000000000000E+00  0.000000000000E+00  0.100000000000E+01
  0.000000000000E+00  0.000000000000E+00  0.000000000000E+00
  0.500000000000E+00  0.866025403784E+00  0.000000000000E+00
  0.866025403784E+00 -0.500000000000E+00  0.000000000000E+00
  0.000000000000E+00  0.000000000000E+00  0.100000000000E+01
  0.000000000000E+00  0.000000000000E+00  0.261763883178E+01
 -0.100000000000E+01  0.000000000000E+00  0.000000000000E+00
  0.000000000000E+00  0.100000000000E+01  0.000000000000E+00
  0.000000000000E+00  0.000000000000E+00  0.100000000000E+01
  0.000000000000E+00  0.000000000000E+00  0.261763883178E+01
  0.500000000000E+00 -0.866025403784E+00  0.000000000000E+00
 -0.866025403784E+00 -0.500000000000E+00  0.000000000000E+00
  0.000000000000E+00  0.000000000000E+00  0.100000000000E+01
  0.000000000000E+00  0.000000000000E+00  0.261763883178E+01
    4
   30     -1.881063119610      0.000000000000      0.005370305158
   30     -0.940531559805     -1.629048447705     -2.612268526620
    8     -1.881063119610      0.000000000000      1.997123401152
    8     -0.940531559805     -1.629048447705     -0.620515430626
  186   12
