#epsilon and Z* PDielec/PDGui file format (FHI-Aims results)
    2.446280354    -0.056403970    -0.223420986    -0.056403970     2.324380743     0.063574806    -0.223420986     0.063574806     2.557362500
    1.237407296     0.047020457     0.013643928     0.033509343     1.198170767    -0.038183181    -0.010539767    -0.045765963     1.205842721
    1.237407296     0.047020457     0.013643928     0.033509341     1.198170769    -0.038183179    -0.010539765    -0.045765963     1.205842719
    2.952167712    -0.460022909    -0.057580984     0.100625273     3.233472502     0.046527838     0.137647023     0.685753406     3.275905131
    2.952167697    -0.460022911    -0.057580982     0.100625269     3.233472496     0.046527832     0.137647024     0.685753397     3.275905126
   -0.490804127     0.395027962     0.227730526     0.198691462    -0.879263854    -0.347299752     0.167453569    -0.607949405    -0.754068161
   -0.490804114     0.395027967     0.227730515     0.198691459    -0.879263858    -0.347299747     0.167453550    -0.607949399    -0.754068140
   -1.261245871    -0.285943684     0.476369733    -0.279575301    -1.182581149     0.187157009     0.457633819     0.173420653    -1.303337379
   -1.261245869    -0.285943678     0.476369729    -0.279575299    -1.182581149     0.187157007     0.457633823     0.173420655    -1.303337379
   -1.350540463    -0.169542570    -0.287839187    -0.373270937    -1.052724232    -0.256978204    -0.556132050    -0.388218589    -1.261855822
   -1.350540459    -0.169542572    -0.287839193    -0.373270935    -1.052724230    -0.256978204    -0.556132050    -0.388218589    -1.261855818
   -1.086972709     0.473460713    -0.372334524     0.320020916    -1.317074443     0.408782165    -0.196073894     0.182759135    -1.162475134
   -1.086972707     0.473460705    -0.372334520     0.320020920    -1.317074443     0.408782169    -0.196073894     0.182759135    -1.162475138
