1.407021512670797891e+00 5.339812789365399048e-01 3.510020202534420153e-01 9.205818917289899928e-02 5.974821450213220475e-02 9.859880831794720635e-02 -1.509156121580834009e+00 -1.910435891107948037e-01 -3.200351315263105789e-01 -1.292623873058168282e+00 -2.694152426395551858e-01 -2.548187459177821967e-01 2.373306077635251865e-01 -2.237499911882808168e-01 -9.307751816782694823e-03 1.223798066820760005e-01 1.563686878637071953e-01 5.956826420297374296e-03 1.451140169784124190e-01 -1.544712666927059996e-01 -8.458411964555478946e-02 1.186890816595516096e-01 1.407523317702057963e-01 6.587635842528380414e-02 1.481113255457932043e-01 -2.708687399957537822e-01 2.750685931312412125e-01 9.401183159418599611e-02 2.511869970677695907e-01 -1.966632749909777989e-01 2.578297216109042278e-01 -6.846392660281300224e-02 1.291325174954436050e-01 1.792339009608560074e-01 3.597524608954921765e-02 -6.022610014624679708e-02
5.323414656065479367e-01 2.505641730398967759e+00 -3.530357761469542499e-01 6.025612878230979241e-02 -2.575784332129495979e-01 -2.540519005935418240e-02 -8.876934775914400166e-01 -2.380367724268233953e+00 2.595752285787292224e-01 4.057064395654670363e-01 3.879764163699216395e-01 3.503396046312590162e-01 -1.206311507840441971e-01 3.995990829768606423e-01 1.523436235416331941e-01 8.866615091863160741e-03 -9.770548670867279517e-02 -8.410560288219659508e-02 1.194429709751316099e-01 -8.956576573894860227e-02 -3.517038997471133577e-01 -5.671879211473418968e-03 -2.449733895509672021e-01 -7.493126198505560553e-02 -1.703606924377919912e-02 -2.636471996626342240e-01 1.511927379779092195e-01 -5.106869949077480486e-02 -2.521853497573596226e-01 1.373755029912772097e-01 2.582802736891071788e-02 4.180993973579140155e-01 -1.662743689146670145e-01 -7.034037106871759981e-02 -1.252932782038964077e-01 4.629402014533378316e-03
3.528865852191463981e-01 -3.526441869812222407e-01 2.885243824944444313e+00 9.835309816960779994e-02 -2.522450758940398066e-02 -3.613336374891107927e-01 8.416652847835481843e-02 -4.104223095636559959e-01 9.328665925683239379e-01 -7.528189266034339688e-01 9.292770059252779546e-01 -2.280439057810983883e+00 -1.464228670741171967e-01 6.022744829350794304e-02 5.706498669575719995e-02 1.459422023686255954e-01 -5.530328864921860155e-02 1.091761752121866019e-01 -4.967047977627853800e-02 -1.128865080533947990e-01 -3.170212538186626405e-01 9.195609356212780527e-02 -3.504822866044899898e-01 2.553100122155184115e-01 2.351043892447123723e-02 2.306932533777668048e-01 -3.364792030581307825e-01 4.916525988878220343e-02 1.206273610763088089e-01 -9.640004909118060628e-02 -5.197986119206539357e-02 2.360095982774721990e-01 -4.197363852746099910e-01 1.549119280347802108e-01 -2.698715795089494107e-01 -4.282520050935519906e-01
9.205990405089579942e-02 5.974721767222039570e-02 9.859674226017919874e-02 1.407022400761996028e+00 5.339805825189040123e-01 3.510028828265095990e-01 -1.292632049509999881e+00 -2.694166044326514187e-01 -2.548159980342405984e-01 -1.509154323863322045e+00 -1.910432362990411859e-01 -3.200312335078862036e-01 1.223790235505479995e-01 1.563690232996843843e-01 5.956714175254935670e-03 2.373312958352800095e-01 -2.237505687416543876e-01 -9.307493857377986332e-03 1.186896480301708051e-01 1.407523620308802070e-01 6.587489212879060752e-02 1.451147367410618172e-01 -1.544708098017135989e-01 -8.458581689360980538e-02 9.401216661057480717e-02 2.511873282565946219e-01 -1.966643304659936031e-01 1.481109370340263909e-01 -2.708683871462381765e-01 2.750688432864968336e-01 1.792351270998132073e-01 3.597582503825218214e-02 -6.022702497387300014e-02 2.578311336589521607e-01 -6.846273239523720244e-02 1.291318230557502167e-01
6.025508034180299816e-02 -2.575804717776134511e-01 -2.540614158141814294e-02 5.323424288228120194e-01 2.505639975028509880e+00 -3.530332207231303698e-01 4.057083297303001879e-01 3.879763999785811879e-01 3.503385894436631953e-01 -8.876915118880459588e-01 -2.380362751291011936e+00 2.595804347457656425e-01 8.867101338507500305e-03 -9.770431217195360563e-02 -8.410612453773540220e-02 -1.206318927102943972e-01 3.995983727104417960e-01 1.523414879986944026e-01 -5.672848976089679869e-03 -2.449739821451339949e-01 -7.493156065071479577e-02 1.194426129033284156e-01 -8.956614840519699916e-02 -3.517044279342950164e-01 -5.106914755534899819e-02 -2.521858048527081952e-01 1.373753866300481963e-01 -1.703644538872423758e-02 -2.636470006367775953e-01 1.511922640452681987e-01 -7.034124621509579844e-02 -1.252931196464261987e-01 4.628163134430919763e-03 2.582753959684827919e-02 4.180988432092900275e-01 -1.662748505705763935e-01
9.835068793161819145e-02 -2.522788063492532179e-02 -3.613334321199149768e-01 3.528860829868397664e-01 -3.526461940978262155e-01 2.885244364115328253e+00 -7.528160789595019775e-01 9.292789661115139488e-01 -2.280440951794721727e+00 8.417542717270640185e-02 -4.104178316099579837e-01 9.328667791115879959e-01 1.459416700111051957e-01 -5.530183522393847945e-02 1.091755421164344042e-01 -1.464238839641520129e-01 6.022683191990685359e-02 5.706603947568700264e-02 9.195432106005879680e-02 -3.504821625336091984e-01 2.553097971918569797e-01 -4.967141966797727903e-02 -1.128865489331499911e-01 -3.170208534808062195e-01 4.916415212786619943e-02 1.206272802060562033e-01 -9.639935381261161007e-02 2.350967079088417747e-02 2.306928255944024064e-01 -3.364794713499703604e-01 1.549100195203445829e-01 -2.698718327822000052e-01 -4.282517391576100008e-01 -5.198064900979179614e-02 2.360083819837263674e-01 -4.197367202952619891e-01
-1.503276427705118046e+00 -8.850050124463400003e-01 8.529241687123420568e-02 -1.290570786155635918e+00 4.086853885333440184e-01 -7.504026912300019170e-01 7.733808043028599855e+01 1.371874020690083995e+01 1.177476866727266014e+01 8.183047592695060768e-01 1.040876489071635991e-01 1.839015358933643873e-01 -3.529520489279390105e+00 7.140465173742439609e-01 -4.654974106415640245e-01 -2.280338198718987908e+00 2.284395891604497908e-01 2.487710045919158119e+00 -2.144323983436187930e+01 -1.405785270957236044e+01 1.281257119110373921e+01 -2.532166631985959815e-01 1.750314847928740036e-01 3.062245115136119633e-01 -3.167863446823947982e+01 -1.171638686554669917e+01 -1.548522359018117989e+01 -6.784971290650940734e-01 -3.027738929771920384e-01 -5.778684443083779154e-01 -1.532009815731118074e+01 1.160056903773407910e+01 -1.066300864548611926e+01 -1.789930355200398115e-01 1.241860713963601967e-02 2.915324132734635754e-01
-1.822995693468064116e-01 -2.377487825435688151e+00 -4.054327878890360282e-01 -2.683994163958911550e-01 3.909386680089077526e-01 9.297247799770160803e-01 1.372458296795783994e+01 7.120753423631059320e+01 -1.996702755182550248e+01 1.014356253039052080e-01 -5.280973322221500510e+00 -2.076528037953692341e+00 1.942527385219001923e+00 -1.163346187762963879e+01 -4.261447134241780788e+00 -4.949995376755259580e-01 2.989905273263554264e+00 1.400582325170051989e+00 -1.424194012905315887e+01 -2.113064035689534137e+01 1.284014975888684162e+01 -6.741432366251580710e-01 1.100768480301080210e+00 7.888182838679020925e-01 -1.189871751841542036e+01 -1.280256985927552016e+01 -6.004837214038500015e+00 4.805734676740940348e-01 1.080573729200951849e+00 9.632469754460579736e-01 1.162333070332273977e+01 -2.492505490160190007e+01 1.584944176658282089e+01 -1.119507419656189939e-01 1.380467755974474020e+00 -5.669116398220340469e-02
-3.237815164513198063e-01 2.600970209818396217e-01 9.299129938016440500e-01 -2.535684043342235627e-01 3.520990846052752254e-01 -2.279963700098753598e+00 1.177842192604640026e+01 -1.995532832908476095e+01 6.732358607849920418e+01 1.827031965057208107e-01 -2.077689680903297642e+00 -4.511739527470400191e+00 -4.307214305613179528e-01 -2.681550464843926118e+00 -4.639296170050039692e+00 2.534171120329196114e+00 8.003722076488960502e-01 -2.497270106707711879e+00 1.298356085520343939e+01 1.241970601047083989e+01 -1.928211957286366385e+01 -2.810235935590533751e-01 -2.657805705349399611e-03 1.388484346843843920e+00 -1.587186313624122036e+01 -6.150997044882459797e+00 -1.705934371716239895e+01 4.528331681212920401e-01 8.092147910128939525e-01 1.335092386860265989e+00 -1.065793624076665935e+01 1.592958994728392064e+01 -2.167607260147249804e+01 -1.127959442922508021e-01 2.971442634161278185e-01 9.687295898205179334e-01
-1.290570902600844061e+00 4.086892737199659953e-01 -7.504029756854180278e-01 -1.503275625566157903e+00 -8.850030727496840388e-01 8.529202741551500377e-02 8.183036483540819805e-01 1.040788783302707965e-01 1.839006499951994222e-01 7.733807989156281337e+01 1.371873983057188084e+01 1.177476738254764044e+01 -2.280338165324535815e+00 2.284406792649024132e-01 2.487709894962120138e+00 -3.529521580841401551e+00 7.140460253166059923e-01 -4.654955629095860470e-01 -2.532146996934888095e-01 1.750320241278802147e-01 3.062250413333058030e-01 -2.144324057638917935e+01 -1.405785164012958077e+01 1.281257143962302081e+01 -6.784967707572460149e-01 -3.027725800763532149e-01 -5.778685464818320572e-01 -3.167863525003958003e+01 -1.171638714826070071e+01 -1.548522458096933896e+01 -1.789929327151454086e-01 1.241926785540705888e-02 2.915325973256197578e-01 -1.532009703598919970e+01 1.160056846202942182e+01 -1.066300736715622044e+01
-2.683985681213272301e-01 3.909385654232219731e-01 9.297218736514120119e-01 -1.823005464131663977e-01 -2.377488275406002050e+00 -4.054318033767699836e-01 1.014329224689786008e-01 -5.280977335050579313e+00 -2.076527515884893926e+00 1.372457686359480178e+01 7.120753011225419016e+01 -1.996702423583218078e+01 -4.949987177982139719e-01 2.989906086076329572e+00 1.400581899323602109e+00 1.942528714915026100e+00 -1.163346174222006013e+01 -4.261447519003799478e+00 -6.741412710530959584e-01 1.100769383052343953e+00 7.888188346561200159e-01 -1.424193727710019886e+01 -2.113063877427874004e+01 1.284014945202499902e+01 4.805745105380579973e-01 1.080574781915311977e+00 9.632476894440719084e-01 -1.189871816034377972e+01 -1.280256972749262090e+01 -6.004837983255480793e+00 -1.119493630538042073e-01 1.380468533334926029e+00 -5.669138938850699916e-02 1.162333089236672024e+01 -2.492505160760834215e+01 1.584944069764141972e+01
-2.535700769212456129e-01 3.520999801755749781e-01 -2.279965283813416121e+00 -3.237826959903939983e-01 2.600967708078243956e-01 9.299142337998280716e-01 1.827050010000835778e-01 -2.077696844455243941e+00 -4.511735819154159444e+00 1.177842558760334057e+01 -1.995532566499587901e+01 6.732359012760700523e+01 2.534170629515807960e+00 8.003733151910439325e-01 -2.497271315433797767e+00 -4.307220745183679700e-01 -2.681549710502932005e+00 -4.639297506027340035e+00 -2.810232839017358097e-01 -2.657801307442199737e-03 1.388483015087468075e+00 1.298355995420548048e+01 1.241970574537727856e+01 -1.928211962595132078e+01 4.528329019699920410e-01 8.092157712234540057e-01 1.335091326418868185e+00 -1.587186432181691842e+01 -6.150997024623100273e+00 -1.705934510588491904e+01 -1.127954642787893924e-01 2.971457220693958234e-01 9.687286371251719874e-01 -1.065793615686725992e+01 1.592958974104000092e+01 -2.167607268377338059e+01
2.362940838467018079e-01 -1.221891431020094010e-01 -1.460569013236480140e-01 1.216564807040899920e-01 9.225103467440690444e-03 1.462079255538963896e-01 -3.523923365714168199e+00 1.945951182937459834e+00 -4.284166556175980078e-01 -2.284768872720501776e+00 -5.030830583647160070e-01 2.534183706518645884e+00 1.169970318523819941e+01 1.546781931638374186e+00 -8.038002714901399059e+00 -4.948772807887420022e+00 -4.027320173360860345e+00 3.727768597139707651e+00 -1.782566915425999987e+00 1.924664029505759877e-01 2.564266670405865867e+00 2.550560842799092232e-01 6.209755692926819393e-01 1.351819445533843922e-01 2.940670899224434032e-01 -1.424023040549629915e+00 -1.004345338028811874e+00 1.937437408980318132e-01 5.464409956128340323e-02 -2.232957157336327991e-01 -3.795992889154833905e-01 1.812351265365625963e+00 1.101916671494191924e+00 1.191105857742089935e-01 -1.057801398362136075e-01 -3.694081900606185909e-01
-2.246015418374807948e-01 3.992657659856466146e-01 6.021280610124339627e-02 1.570298105049858228e-01 -9.783087282550320674e-02 -5.556154146406880323e-02 7.028275351135040427e-01 -1.162657760129286011e+01 -2.676246034529856210e+00 2.310796952754501921e-01 2.988504787782506167e+00 7.924595815228880902e-01 1.550837264448421848e+00 2.207829354693053858e+01 2.901742108978871748e+00 -4.031656062488099934e+00 -1.004092599022478005e+01 2.484951838362691845e+00 -1.127536535349268121e+00 7.537604595323479373e-01 1.426275720284851944e+00 8.377706541237860405e-01 -9.509254452726799423e-02 -1.068816200467326061e+00 9.000888385262759139e-02 -1.224301955614722104e+00 -1.991354551042804122e+00 -5.019534171472280794e-04 -3.668731567539734173e-01 -4.755387091166319857e-01 1.682457078770817960e+00 -2.330643661344671713e+00 -1.128147167221686065e+00 1.322851710024046112e-01 -4.375787776472779278e-01 -2.699778514081772052e-01
-1.078513607500914025e-02 1.513298262610719980e-01 5.736170055543979990e-02 6.226298441794542692e-03 -8.398441639346398979e-02 1.102636727011480078e-01 -4.680587373951159980e-01 -4.267180345588799995e+00 -4.630176866170859995e+00 2.489322831747237785e+00 1.400938717213144002e+00 -2.493154594908971955e+00 -8.036868446346600692e+00 2.902316673896147670e+00 1.516113903376700023e+01 3.726737150842839963e+00 2.481066188718863863e+00 -4.900767201754540281e+00 2.118690324608036413e+00 -1.066592634455906102e-01 -2.243367086643574204e+00 3.209639231815234472e-01 -8.340079013382299955e-01 -4.142726994816839925e-01 4.162989768074780161e-01 -2.211327551377487932e+00 -1.410265723012614103e+00 -1.495262505244182027e-01 -6.930323170300820013e-02 1.725148303922673931e-01 -1.745275974628144044e-01 8.029796138266500627e-01 3.928189185782146042e-01 -2.384733378249535851e-01 -1.661683100692953885e-01 1.979060159781970141e-01
1.216560991583307966e-01 9.225154729381179752e-03 1.462078728554019880e-01 2.362959347323466130e-01 -1.221899684856936064e-01 -1.460544323227955799e-01 -2.284769949790631749e+00 -5.030837341552060193e-01 2.534180089900740285e+00 -3.523922427716247974e+00 1.945952243099135837e+00 -4.284147345961039632e-01 -4.948773575771379996e+00 -4.027318766776319947e+00 3.727768843461584325e+00 1.169970326920842041e+01 1.546782159616592045e+00 -8.038002937012379334e+00 2.550554719700770523e-01 6.209749448404819905e-01 1.351826201858440102e-01 -1.782566761062201799e+00 1.924666528516368047e-01 2.564266740564609570e+00 1.937436509258343986e-01 5.464345106636719906e-02 -2.232965800942004198e-01 2.940671475985319749e-01 -1.424023370054102067e+00 -1.004346134401904012e+00 1.191103572814515982e-01 -1.057800568262688007e-01 -3.694086195755468260e-01 -3.795992165345222213e-01 1.812351290094001977e+00 1.101917271034738022e+00
1.570303274810616045e-01 -9.783003991728239646e-02 -5.556141549072940444e-02 -2.246024952661762053e-01 3.992656187832095971e-01 6.021109256691539735e-02 2.310782650149980078e-01 2.988511967657991875e+00 7.924606429629960092e-01 7.028270146540140928e-01 -1.162658388099985984e+01 -2.676241371862466245e+00 -4.031655216521979668e+00 -1.004092555448794144e+01 2.484952122114588047e+00 1.550836470202401784e+00 2.207829443421589843e+01 2.901741391775120249e+00 8.377708791248479336e-01 -9.509363410005761130e-02 -1.068815751806634129e+00 -1.127535976324073985e+00 7.537594337180339998e-01 1.426275430957538060e+00 -5.014920401213039322e-04 -3.668730868811496126e-01 -4.755397460674919419e-01 9.000930699644679733e-02 -1.224302778152164040e+00 -1.991355534066248101e+00 1.322860175786196024e-01 -4.375785772946180208e-01 -2.699792149761958138e-01 1.682456899099941783e+00 -2.330643902542059998e+00 -1.128147646107387825e+00
6.226836538167146613e-03 -8.398403370311739724e-02 1.102662747197249993e-01 -1.078305162768990015e-02 1.513308183335512203e-01 5.736297867742139178e-02 2.489322878671847761e+00 1.400935581249213913e+00 -2.493155492923429861e+00 -4.680612580112499810e-01 -4.267184753258059793e+00 -4.630173667043020025e+00 3.726738032881877771e+00 2.481065896444030194e+00 -4.900768168283560655e+00 -8.036868301862678976e+00 2.902318818668701894e+00 1.516113859004180142e+01 3.209635395227410370e-01 -8.340070169502680208e-01 -4.142730379289319975e-01 2.118690150846823883e+00 -1.066585623961527896e-01 -2.243367761254345893e+00 -1.495263137061202119e-01 -6.930318672627759635e-02 1.725150102362855986e-01 4.162990306728060474e-01 -2.211325611734733965e+00 -1.410267471600628042e+00 -2.384741132032515698e-01 -1.661677761899708061e-01 1.979048490046494135e-01 -1.745274307232835831e-01 8.029798262630760686e-01 3.928178963540420177e-01
1.392167313987777710e-01 1.138188041727261901e-01 -5.021771918058480499e-02 1.151370154043026006e-01 -7.284326967047651848e-03 9.610811523414719559e-02 -2.141646945147002157e+01 -1.422860361423699871e+01 1.298642595473675954e+01 -2.598127879845818500e-01 -6.803519934213819731e-01 -2.804962844824050450e-01 -1.782421604296495987e+00 -1.135743012104914129e+00 2.116449031599990427e+00 2.516994357182655850e-01 8.391753258347639521e-01 3.208760966539815906e-01 2.466477935007139877e+01 1.652145847597262218e+01 -1.602768997823008235e+01 -3.819656153032868207e-01 4.488752425833286014e-02 1.853380705629469882e-01 -2.591677121492967917e+00 -2.566435170947595878e+00 1.218271383629141891e+00 2.167434624677672117e-01 2.012891320155336117e-01 2.475209451048837883e-01 1.056540440183026064e+00 8.416959133904420298e-01 -7.287997606275860019e-01 -1.176985469619196145e-02 5.609294203350500413e-02 -8.378585500119779816e-02
-1.611108226419323830e-01 -9.276574044384980344e-02 -1.151422524385932039e-01 1.413084620716760220e-01 -2.451598665066914151e-01 -3.519292142539184320e-01 -1.405083170822443961e+01 -2.113005655796892057e+01 1.243076154106569930e+01 1.731881110662550072e-01 1.096463509590901886e+00 -5.526330994781020883e-03 1.961158565833807932e-01 7.513231769708439423e-01 -1.123935789573675958e-01 6.172537096654360234e-01 -9.308169174606799323e-02 -8.319647832186899405e-01 1.652123130375931837e+01 2.292353622343566144e+01 -1.456470751152128074e+01 4.471248351618151845e-02 -4.438073726083160420e-01 1.779551815231726064e-01 -1.938603423290452099e+00 -3.856575304738342203e-01 8.488206519011279871e-01 -1.343730138789974160e-01 -7.666437268654520132e-01 -9.945265032293540419e-02 -1.409773188089949780e+00 -1.291520130790393850e+00 2.624092845791051953e+00 8.822294635165218221e-04 -3.226302925938804300e-01 -5.138985734851400644e-04
-8.226293279725779839e-02 -3.519328770952223628e-01 -3.147771208848281765e-01 6.933944026588979848e-02 -7.601673469452319143e-02 2.525414266999344015e-01 1.281343930620613847e+01 1.284168775544162067e+01 -1.927424281314987908e+01 3.088451171840516096e-01 7.853390264984141389e-01 1.393516230639108011e+00 2.565820511866301779e+00 1.430494288487470067e+00 -2.240945446566803945e+00 1.346501843564456014e-01 -1.070186676869824050e+00 -4.139914198361740461e-01 -1.602646500910876171e+01 -1.456382448578127864e+01 2.138761568613449882e+01 1.848199597381540160e-01 1.776190886205279984e-01 -6.246071235841139657e-01 -9.643332194936280466e-01 -8.633672592342540586e-01 1.409749502167366053e+00 -3.069207928546361930e-01 -4.023060295736187730e-01 -5.258308655006440624e-01 1.342821654767051953e+00 2.173243523251794151e+00 -7.045487598491939618e-01 -3.975422012973547914e-02 -8.074961905109979965e-02 -3.444792962692536098e-01
1.151403377351994106e-01 -7.285800086095703745e-03 9.610771928127680164e-02 1.392154607112368048e-01 1.138187744690297987e-01 -5.021747445098019569e-02 -2.598188036464219586e-01 -6.803621258901100255e-01 -2.805024782681033724e-01 -2.141646966969904042e+01 -1.422859838784347986e+01 1.298642509731129913e+01 2.517021279358221952e-01 8.391762542614719100e-01 3.208755410660651952e-01 -1.782422768483109987e+00 -1.135742876429951975e+00 2.116450046408425933e+00 -3.819650265516971732e-01 4.488822627174066104e-02 1.853390877400747927e-01 2.466477997932630117e+01 1.652145862974909818e+01 -1.602768799758559837e+01 2.167436222838090010e-01 2.012899203975010154e-01 2.475215482921593879e-01 -2.591676673256383623e+00 -2.566433191417357929e+00 1.218272911215347865e+00 -1.176961804085874079e-02 5.609405626604700018e-02 -8.378516835426999543e-02 1.056541031685145793e+00 8.416965202521159428e-01 -7.287988326556940066e-01
1.413066875903202235e-01 -2.451602033564950212e-01 -3.519302703583845893e-01 -1.611095667828194022e-01 -9.276397369888078615e-02 -1.151413148966914102e-01 1.731866071517141892e-01 1.096466357460281760e+00 -5.528331358817520011e-03 -1.405082997411382095e+01 -2.113006035539802241e+01 1.243076329689717952e+01 6.172535759403480204e-01 -9.308107541640260607e-02 -8.319637003479340986e-01 1.961164155035438061e-01 7.513229146913940060e-01 -1.123941690117880032e-01 4.471233537304827865e-02 -4.438076724575800158e-01 1.779541656536358096e-01 1.652123006459702026e+01 2.292353580798221913e+01 -1.456470662939008065e+01 -1.343727235869278114e-01 -7.666441862074500069e-01 -9.945142254105220070e-02 -1.938603138808247861e+00 -3.856572877729221860e-01 8.488203334844599546e-01 8.826922784499260108e-04 -3.226306222366057685e-01 -5.144522655750015383e-04 -1.409772975142611795e+00 -1.291519703589558032e+00 2.624092494135058296e+00
6.933786806854259910e-02 -7.601606057115480042e-02 2.525396415971858377e-01 -8.226516599181241118e-02 -3.519300765719883817e-01 -3.147756093175949621e-01 3.088462385778706354e-01 7.853381977920619317e-01 1.393521693440820108e+00 1.281344344165173865e+01 1.284167799658114006e+01 -1.927424116816118271e+01 1.346509263051097749e-01 -1.070186564670027929e+00 -4.139914894571860016e-01 2.565820419428666010e+00 1.430495143785635914e+00 -2.240944965803073785e+00 1.848195297248116098e-01 1.776200772208900158e-01 -6.246088709488379909e-01 -1.602646402413841997e+01 -1.456382191760745926e+01 2.138761461608761749e+01 -3.069208481728308291e-01 -4.023053573694084228e-01 -5.258327463477839858e-01 -9.643336058130099753e-01 -8.633667765067460920e-01 1.409748012703110120e+00 -3.975486458259008121e-02 -8.074951902566679385e-02 -3.444802724448849940e-01 1.342820084941934056e+00 2.173244856942728287e+00 -7.045488413482019485e-01
1.464449927611614077e-01 -2.068755624828225864e-02 2.480109978002129761e-02 9.603879890227499938e-02 -5.247025119764980178e-02 4.877958176527159850e-02 -3.167791671676033971e+01 -1.189281792297927964e+01 -1.588669337848453900e+01 -6.853731188458420664e-01 4.776435017812700190e-01 4.540874384419280041e-01 2.963349996983037915e-01 9.268866385484118842e-02 4.205599390879580235e-01 1.917749767114469983e-01 -7.505540056046214326e-04 -1.492504476629862298e-01 -2.588017051144332115e+00 -1.940899082341624116e+00 -9.586782189112500463e-01 2.179642799128587716e-01 -1.320863560066811992e-01 -3.061288670210235985e-01 3.612191753968518526e+01 1.389791745789628052e+01 1.884104253522719929e+01 -1.670382433451921833e-01 2.195205654554308050e-02 7.660781119040240006e-02 -2.056723634618009555e+00 -3.234899261068012177e-01 -2.386920759173642104e+00 1.045931770425040097e-01 -1.270000311920014002e-01 -1.782067342393099940e-01
-2.747077397403725474e-01 -2.641463856876877792e-01 2.294623183018085766e-01 2.487134639186938112e-01 -2.496935030555399726e-01 1.196829341720112017e-01 -1.171717386851555887e+01 -1.281001573085505996e+01 -6.138116877397199467e+00 -3.050900051678958058e-01 1.081188105583920089e+00 8.004018121265479291e-01 -1.424736491969541996e+00 -1.220414367415117995e+00 -2.211031746185418090e+00 5.423276783273659613e-02 -3.670220213237161966e-01 -7.370689608005119575e-02 -2.565444363877440015e+00 -3.859141890019945897e-01 -8.622031029333960817e-01 1.994120031774936075e-01 -7.658870334112879430e-01 -4.037841596320821957e-01 1.390142471929964074e+01 1.443924083783590007e+01 7.461233718813559790e+00 2.322978246606541980e-02 -3.482621087320345588e-01 -4.303820271479379400e-01 1.804105345548095984e+00 1.227610789544776093e+00 1.557973860184183934e+00 5.603438702809540595e-02 -3.366843934821673878e-01 -4.952983422203749431e-02
2.743036332792971876e-01 1.487984562430235969e-01 -3.326766300624456330e-01 -1.942814618556349959e-01 1.375256023515719905e-01 -9.700876905022459695e-02 -1.550825497828859945e+01 -5.990287448697659833e+00 -1.707562496380301909e+01 -5.753923646778380530e-01 9.549410087895440213e-01 1.340609590777803728e+00 -9.998724966540040171e-01 -1.989468625362187826e+00 -1.406063791183457923e+00 -2.250121432556435874e-01 -4.781184956499519578e-01 1.727097985701958049e-01 1.227448183758470091e+00 8.495527206682260690e-01 1.411727469543448077e+00 2.467970437870373734e-01 -1.009286370356062001e-01 -5.229864989447940982e-01 1.884396203993176044e+01 7.459587592843080373e+00 1.858138902739499798e+01 7.742465437269499540e-02 -4.311288602694559602e-01 -5.154393807058319510e-01 -3.331496460989511910e+00 -3.065002010111134156e-01 -9.440242388737041246e-01 1.643743505919669778e-01 -2.539731128694587836e-01 -6.126116136629700115e-01
9.603991009679900548e-02 -5.247204975945540806e-02 4.877998222252039051e-02 1.464447006935793993e-01 -2.068618710545418182e-02 2.480101834354628276e-02 -6.853752346567180131e-01 4.776375472585340232e-01 4.540855472618720023e-01 -3.167792292980720248e+01 -1.189281641753930074e+01 -1.588669686639098089e+01 1.917753060679495969e-01 -7.500126634982402785e-04 -1.492499304116315928e-01 2.963360312662507989e-01 9.268915596945820345e-02 4.205605222311480373e-01 2.179647407736786113e-01 -1.320862471774272018e-01 -3.061272553261131790e-01 -2.588017251123320150e+00 -1.940898553783582114e+00 -9.586781427848020121e-01 -1.670367252632388166e-01 2.195226506594415844e-02 7.660842203897139102e-02 3.612191965026070051e+01 1.389791928558189937e+01 1.884104447015754147e+01 1.045944136954155834e-01 -1.270000609988852225e-01 -1.782063884827462252e-01 -2.056722612003912154e+00 -3.234887248482398170e-01 -2.386921378859335974e+00
2.487137471032562219e-01 -2.496938983302203763e-01 1.196793941041537912e-01 -2.747068417732362322e-01 -2.641473097511014001e-01 2.294629387603192017e-01 -3.050881110453396161e-01 1.081187407249244004e+00 8.004011609351240342e-01 -1.171717223095325977e+01 -1.281001375089820016e+01 -6.138123151329519800e+00 5.423092909861020050e-02 -3.670224849994941918e-01 -7.370627425597900406e-02 -1.424737301644463994e+00 -1.220413961198534070e+00 -2.211030236646426061e+00 1.994116428131574026e-01 -7.658869807314679923e-01 -4.037832669952431952e-01 -2.565444709295522152e+00 -3.859145820907584068e-01 -8.622016274749799702e-01 2.322935559982916218e-02 -3.482627139998274446e-01 -4.303807721548899567e-01 1.390142457281162081e+01 1.443924213581586002e+01 7.461236274391559675e+00 5.603389546302300211e-02 -3.366844832260987852e-01 -4.952903607906854189e-02 1.804105051822320060e+00 1.227610622160580034e+00 1.557974596744962081e+00
-1.942810181048236218e-01 1.375258533304372088e-01 -9.700920739581539443e-02 2.743043197334837924e-01 1.487967819251483914e-01 -3.326747675310993690e-01 -5.753937376034079509e-01 9.549429126391880684e-01 1.340607457955928172e+00 -1.550825883141745898e+01 -5.990283436672459771e+00 -1.707562930432110093e+01 -2.250127377243890114e-01 -4.781195542910719465e-01 1.727108639538798007e-01 -9.998714780925019863e-01 -1.989468715652333852e+00 -1.406063238228673962e+00 2.467967499010573773e-01 -1.009289335223624018e-01 -5.229855311212920910e-01 1.227449497314248017e+00 8.495517202944300461e-01 1.411727989908720060e+00 7.742536513250100616e-02 -4.311293236593539691e-01 -5.154385550452440512e-01 1.884396367117876281e+01 7.459587609095699179e+00 1.858138902291666028e+01 1.643744654890468004e-01 -2.539736497039352114e-01 -6.126111303307359979e-01 -3.331496265806507928e+00 -3.065012637833942066e-01 -9.440236007611999547e-01
2.599748849041946253e-01 3.077172304887342003e-02 -5.470311599948979309e-02 1.799996791399157969e-01 -6.860334886671219656e-02 1.505908214372120024e-01 -1.532165389491648000e+01 1.163374281886635941e+01 -1.064675426669290026e+01 -1.846461657446230031e-01 -1.147635467690662076e-01 -1.161228592860889947e-01 -3.766142921714037972e-01 1.677000353758065998e+00 -1.755475953865819894e-01 1.184435631831246005e-01 1.330488678854784002e-01 -2.417052745019424020e-01 1.056826851747887819e+00 -1.412733161142082139e+00 1.349218930495108104e+00 -9.443873340877480954e-03 2.418120505694139940e-03 -4.156918031340382097e-02 -2.059808127122872090e+00 1.795991047944693886e+00 -3.335169541354610079e+00 1.070321847645190061e-01 5.747808090556839888e-02 1.640039295359865812e-01 1.638769049121933818e+01 -1.386562330084126060e+01 1.305825710921413929e+01 -1.578013016627278220e-01 1.312723447044071845e-01 -1.104989571474405963e-01
-6.712060672709539710e-02 4.126318284118959956e-01 2.337603568653276176e-01 3.859123614083521947e-02 -1.238092104132764021e-01 -2.663230249879642297e-01 1.161256958600048073e+01 -2.491372407061004068e+01 1.593612760547376084e+01 9.397096474999819607e-03 1.380068644943916123e+00 2.937808706742504050e-01 1.807460231963314179e+00 -2.325743451922812177e+00 8.010273399242280323e-01 -1.052657180699047984e-01 -4.408042109117079610e-01 -1.660192030660961882e-01 8.344795083130940316e-01 -1.297125604781713903e+00 2.173218036750474091e+00 5.767762583930320652e-02 -3.250390467248623905e-01 -8.028405865260140883e-02 -3.291584255369701673e-01 1.229863184325500125e+00 -3.093486338481957754e-01 -1.257878716251425999e-01 -3.395331805152353999e-01 -2.509653091351218279e-01 -1.386496069286843991e+01 2.731995954844155960e+01 -1.863081293323460130e+01 1.321180300955397957e-01 -5.767444302432240821e-01 2.658389532365302288e-01
1.281670286052932206e-01 -1.654636006899485867e-01 -4.162578453054519567e-01 -6.459187001336839928e-02 5.414203825480050011e-03 -4.333006487344080448e-01 -1.064262417426920138e+01 1.584757674439898167e+01 -2.169917513061109915e+01 2.902575153305022027e-01 -5.893563839832519774e-02 9.739339325834940331e-01 1.101972509240392029e+00 -1.131380099292597974e+00 3.978380292852615741e-01 -3.703842047680845906e-01 -2.684679964209495950e-01 2.004146677218434092e-01 -7.313176024804639574e-01 2.623490324117310202e+00 -6.962731995144180175e-01 -8.574917738603660133e-02 1.120434085862821207e-03 -3.424796897845089894e-01 -2.389468871824909968e+00 1.554563070884072085e+00 -9.432268275887619735e-01 -1.810955705652874115e-01 -4.625008563070459600e-02 -6.117324489138840082e-01 1.305456160657195852e+01 -1.862496764581615949e+01 2.391980019981875927e+01 -1.097271884407713949e-01 2.633002889369642219e-01 -3.495410389568359699e-01
1.799991463308129869e-01 -6.860315725238999573e-02 1.505938810202981926e-01 2.599754141141863983e-01 3.077016800409206054e-02 -5.470237391696040202e-02 -1.846454604786044174e-01 -1.147631825045466181e-01 -1.161249642018948036e-01 -1.532165148041555724e+01 1.163374470998722110e+01 -1.064675781565624035e+01 1.184438535790899999e-01 1.330483627508129985e-01 -2.417053461249143997e-01 -3.766159492159223965e-01 1.677000034772365922e+00 -1.755485253897202114e-01 -9.443598677318681273e-03 2.416920374640860354e-03 -4.156888666484859912e-02 1.056826842314078085e+00 -1.412733004093599920e+00 1.349219540031557862e+00 1.070320356179415844e-01 5.747878580747099730e-02 1.640046999614281908e-01 -2.059808189955315783e+00 1.795990840176217906e+00 -3.335168663299292291e+00 -1.578015736099894206e-01 1.312715614048527990e-01 -1.104976760052681917e-01 1.638768896039660206e+01 -1.386562203942714078e+01 1.305825613024583909e+01
3.859243851020672383e-02 -1.238101736797797975e-01 -2.663234927165197830e-01 -6.712316792358019590e-02 4.126317792181379840e-01 2.337613154976711793e-01 9.404412753776741560e-03 1.380066115921156022e+00 2.937830561226100201e-01 1.161257024828019979e+01 -2.491372618076889722e+01 1.593612362364208224e+01 -1.052670838218207894e-01 -4.408023130141399681e-01 -1.660198688102829945e-01 1.807458494420923989e+00 -2.325742405228106158e+00 8.010281114183920304e-01 5.767677411935460269e-02 -3.250383657881996124e-01 -8.028391144529319068e-02 8.344787906148058987e-01 -1.297124602999577991e+00 2.173217591774330160e+00 -1.257887086024659928e-01 -3.395320752254495922e-01 -2.509654288573226477e-01 -3.291594104359124029e-01 1.229864215795515969e+00 -3.093478378991522115e-01 1.321181171981939961e-01 -5.767435968665419743e-01 2.658380884469033756e-01 -1.386496090511367996e+01 2.731995760263588124e+01 -1.863081124717341908e+01
-6.459103285549619433e-02 5.411084396253675738e-03 -4.333019090853399979e-01 1.281665608806231982e-01 -1.654643942790370026e-01 -4.162573113101660227e-01 2.902605416681205974e-01 -5.893732197828259467e-02 9.739345155000400656e-01 -1.064262644025865967e+01 1.584758758228596065e+01 -2.169917223590260136e+01 -3.703840326781412395e-01 -2.684686197878475844e-01 2.004146369355561952e-01 1.101973333094432128e+00 -1.131380311646005943e+00 3.978374631087747693e-01 -8.574946251111000006e-02 1.119334065093499642e-03 -3.424801142219799921e-01 -7.313175903572659564e-01 2.623489679869807745e+00 -6.962729434922740879e-01 -1.810954429821248213e-01 -4.625096893988539515e-02 -6.117329449927499940e-01 -2.389468955621834034e+00 1.554561995140077979e+00 -9.432267519863499761e-01 -1.097274698748084004e-01 2.632996137300853690e-01 -3.495413363669478413e-01 1.305455999149625868e+01 -1.862496767285621857e+01 2.391979893181403938e+01
