
 **** DERIVATIVE DATABASE ****    
+DDB, Version number  20230401

  Note : temporary (transfer) database

    usepaw         0
     natom         4
      nkpt        72
    nsppol         1
      nsym        12
    ntypat         2
    occopt         1
     nband        26
     acell  0.60106439675000D+01  0.60106439676000D+01  0.97269585749000D+01
       amu  0.65390000000000D+02  0.15999400000000D+02
   dilatmx  0.10000000000000D+01
      ecut  0.40000000000000D+02
    ecutsm  0.10000000000000D+00
     intxc         0
      iscf         7
       ixc         7
       kpt  0.00000000000000D+00  0.00000000000000D+00  0.12500000000000D+00
            0.16666666666667D+00  0.00000000000000D+00  0.12500000000000D+00
            0.33333333333333D+00  0.00000000000000D+00  0.12500000000000D+00
            0.50000000000000D+00  0.00000000000000D+00  0.12500000000000D+00
           -0.33333333333333D+00  0.00000000000000D+00  0.12500000000000D+00
           -0.16666666666667D+00  0.00000000000000D+00  0.12500000000000D+00
            0.00000000000000D+00  0.16666666666667D+00  0.12500000000000D+00
            0.16666666666667D+00  0.16666666666667D+00  0.12500000000000D+00
            0.33333333333333D+00  0.16666666666667D+00  0.12500000000000D+00
            0.50000000000000D+00  0.16666666666667D+00  0.12500000000000D+00
           -0.33333333333333D+00  0.16666666666667D+00  0.12500000000000D+00
           -0.16666666666667D+00  0.16666666666667D+00  0.12500000000000D+00
            0.00000000000000D+00  0.33333333333333D+00  0.12500000000000D+00
            0.16666666666667D+00  0.33333333333333D+00  0.12500000000000D+00
            0.33333333333333D+00  0.33333333333333D+00  0.12500000000000D+00
            0.50000000000000D+00  0.33333333333333D+00  0.12500000000000D+00
           -0.33333333333333D+00  0.33333333333333D+00  0.12500000000000D+00
           -0.16666666666667D+00  0.33333333333333D+00  0.12500000000000D+00
            0.00000000000000D+00  0.50000000000000D+00  0.12500000000000D+00
            0.16666666666667D+00  0.50000000000000D+00  0.12500000000000D+00
            0.33333333333333D+00  0.50000000000000D+00  0.12500000000000D+00
            0.50000000000000D+00  0.50000000000000D+00  0.12500000000000D+00
           -0.33333333333333D+00  0.50000000000000D+00  0.12500000000000D+00
           -0.16666666666667D+00  0.50000000000000D+00  0.12500000000000D+00
            0.00000000000000D+00 -0.33333333333333D+00  0.12500000000000D+00
            0.16666666666667D+00 -0.33333333333333D+00  0.12500000000000D+00
            0.33333333333333D+00 -0.33333333333333D+00  0.12500000000000D+00
            0.50000000000000D+00 -0.33333333333333D+00  0.12500000000000D+00
           -0.33333333333333D+00 -0.33333333333333D+00  0.12500000000000D+00
           -0.16666666666667D+00 -0.33333333333333D+00  0.12500000000000D+00
            0.00000000000000D+00 -0.16666666666667D+00  0.12500000000000D+00
            0.16666666666667D+00 -0.16666666666667D+00  0.12500000000000D+00
            0.33333333333333D+00 -0.16666666666667D+00  0.12500000000000D+00
            0.50000000000000D+00 -0.16666666666667D+00  0.12500000000000D+00
           -0.33333333333333D+00 -0.16666666666667D+00  0.12500000000000D+00
           -0.16666666666667D+00 -0.16666666666667D+00  0.12500000000000D+00
            0.00000000000000D+00  0.00000000000000D+00  0.37500000000000D+00
            0.16666666666667D+00  0.00000000000000D+00  0.37500000000000D+00
            0.33333333333333D+00  0.00000000000000D+00  0.37500000000000D+00
            0.50000000000000D+00  0.00000000000000D+00  0.37500000000000D+00
           -0.33333333333333D+00  0.00000000000000D+00  0.37500000000000D+00
           -0.16666666666667D+00  0.00000000000000D+00  0.37500000000000D+00
            0.00000000000000D+00  0.16666666666667D+00  0.37500000000000D+00
            0.16666666666667D+00  0.16666666666667D+00  0.37500000000000D+00
            0.33333333333333D+00  0.16666666666667D+00  0.37500000000000D+00
            0.50000000000000D+00  0.16666666666667D+00  0.37500000000000D+00
           -0.33333333333333D+00  0.16666666666667D+00  0.37500000000000D+00
           -0.16666666666667D+00  0.16666666666667D+00  0.37500000000000D+00
            0.00000000000000D+00  0.33333333333333D+00  0.37500000000000D+00
            0.16666666666667D+00  0.33333333333333D+00  0.37500000000000D+00
            0.33333333333333D+00  0.33333333333333D+00  0.37500000000000D+00
            0.50000000000000D+00  0.33333333333333D+00  0.37500000000000D+00
           -0.33333333333333D+00  0.33333333333333D+00  0.37500000000000D+00
           -0.16666666666667D+00  0.33333333333333D+00  0.37500000000000D+00
            0.00000000000000D+00  0.50000000000000D+00  0.37500000000000D+00
            0.16666666666667D+00  0.50000000000000D+00  0.37500000000000D+00
            0.33333333333333D+00  0.50000000000000D+00  0.37500000000000D+00
            0.50000000000000D+00  0.50000000000000D+00  0.37500000000000D+00
           -0.33333333333333D+00  0.50000000000000D+00  0.37500000000000D+00
           -0.16666666666667D+00  0.50000000000000D+00  0.37500000000000D+00
            0.00000000000000D+00 -0.33333333333333D+00  0.37500000000000D+00
            0.16666666666667D+00 -0.33333333333333D+00  0.37500000000000D+00
            0.33333333333333D+00 -0.33333333333333D+00  0.37500000000000D+00
            0.50000000000000D+00 -0.33333333333333D+00  0.37500000000000D+00
           -0.33333333333333D+00 -0.33333333333333D+00  0.37500000000000D+00
           -0.16666666666667D+00 -0.33333333333333D+00  0.37500000000000D+00
            0.00000000000000D+00 -0.16666666666667D+00  0.37500000000000D+00
            0.16666666666667D+00 -0.16666666666667D+00  0.37500000000000D+00
            0.33333333333333D+00 -0.16666666666667D+00  0.37500000000000D+00
            0.50000000000000D+00 -0.16666666666667D+00  0.37500000000000D+00
           -0.33333333333333D+00 -0.16666666666667D+00  0.37500000000000D+00
           -0.16666666666667D+00 -0.16666666666667D+00  0.37500000000000D+00
    kptnrm  0.10000000000000D+01
     ngfft        36   36   60
    nspden         1
   nspinor         1
       occ  0.20000000000000D+01  0.20000000000000D+01  0.20000000000000D+01
            0.20000000000000D+01  0.20000000000000D+01  0.20000000000000D+01
            0.20000000000000D+01  0.20000000000000D+01  0.20000000000000D+01
            0.20000000000000D+01  0.20000000000000D+01  0.20000000000000D+01
            0.20000000000000D+01  0.20000000000000D+01  0.20000000000000D+01
            0.20000000000000D+01  0.20000000000000D+01  0.20000000000000D+01
            0.20000000000000D+01  0.20000000000000D+01  0.20000000000000D+01
            0.20000000000000D+01  0.20000000000000D+01  0.20000000000000D+01
            0.20000000000000D+01  0.20000000000000D+01
     rprim  0.86602540378000D+00 -0.50000000000000D+00  0.00000000000000D+00
            0.00000000000000D+00  0.10000000000000D+01  0.00000000000000D+00
            0.00000000000000D+00  0.00000000000000D+00  0.10000000000000D+01
  dfpt_sciss  0.00000000000000D+00
    spinat  0.00000000000000D+00  0.00000000000000D+00  0.00000000000000D+00
            0.00000000000000D+00  0.00000000000000D+00  0.00000000000000D+00
            0.00000000000000D+00  0.00000000000000D+00  0.00000000000000D+00
            0.00000000000000D+00  0.00000000000000D+00  0.00000000000000D+00
    symafm         1    1    1    1    1    1    1    1    1    1    1    1
    symrel         1    0    0    0    1    0    0    0    1
                   0    1    0    1    0    0    0    0    1
                   1    1    0   -1    0    0    0    0    1
                  -1    0    0    1    1    0    0    0    1
                   0    1    0   -1   -1    0    0    0    1
                  -1   -1    0    0    1    0    0    0    1
                  -1    0    0    0   -1    0    0    0    1
                   0   -1    0   -1    0    0    0    0    1
                  -1   -1    0    1    0    0    0    0    1
                   1    0    0   -1   -1    0    0    0    1
                   0   -1    0    1    1    0    0    0    1
                   1    1    0    0   -1    0    0    0    1
     tnons  0.00000000000000D+00  0.00000000000000D+00  0.00000000000000D+00
            0.22204460492503D-15  0.00000000000000D+00  0.50000000000000D+00
            0.22204460492503D-15  0.00000000000000D+00  0.50000000000000D+00
            0.00000000000000D+00  0.00000000000000D+00  0.00000000000000D+00
            0.00000000000000D+00  0.00000000000000D+00  0.00000000000000D+00
            0.22204460492503D-15  0.00000000000000D+00  0.50000000000000D+00
            0.22204460492503D-15  0.00000000000000D+00  0.50000000000000D+00
            0.00000000000000D+00  0.00000000000000D+00  0.00000000000000D+00
            0.00000000000000D+00  0.00000000000000D+00  0.00000000000000D+00
            0.22204460492503D-15  0.00000000000000D+00  0.50000000000000D+00
            0.22204460492503D-15  0.00000000000000D+00  0.50000000000000D+00
            0.00000000000000D+00  0.00000000000000D+00  0.00000000000000D+00
    tolwfr  0.10000000000000D+01
   tphysel  0.00000000000000D+00
    tsmear  0.10000000000000D-01
     typat         1    1    2    2
       wtk  0.13888888888889D-01  0.13888888888889D-01  0.13888888888889D-01
            0.13888888888889D-01  0.13888888888889D-01  0.13888888888889D-01
            0.13888888888889D-01  0.13888888888889D-01  0.13888888888889D-01
            0.13888888888889D-01  0.13888888888889D-01  0.13888888888889D-01
            0.13888888888889D-01  0.13888888888889D-01  0.13888888888889D-01
            0.13888888888889D-01  0.13888888888889D-01  0.13888888888889D-01
            0.13888888888889D-01  0.13888888888889D-01  0.13888888888889D-01
            0.13888888888889D-01  0.13888888888889D-01  0.13888888888889D-01
            0.13888888888889D-01  0.13888888888889D-01  0.13888888888889D-01
            0.13888888888889D-01  0.13888888888889D-01  0.13888888888889D-01
            0.13888888888889D-01  0.13888888888889D-01  0.13888888888889D-01
            0.13888888888889D-01  0.13888888888889D-01  0.13888888888889D-01
            0.13888888888889D-01  0.13888888888889D-01  0.13888888888889D-01
            0.13888888888889D-01  0.13888888888889D-01  0.13888888888889D-01
            0.13888888888889D-01  0.13888888888889D-01  0.13888888888889D-01
            0.13888888888889D-01  0.13888888888889D-01  0.13888888888889D-01
            0.13888888888889D-01  0.13888888888889D-01  0.13888888888889D-01
            0.13888888888889D-01  0.13888888888889D-01  0.13888888888889D-01
            0.13888888888889D-01  0.13888888888889D-01  0.13888888888889D-01
            0.13888888888889D-01  0.13888888888889D-01  0.13888888888889D-01
            0.13888888888889D-01  0.13888888888889D-01  0.13888888888889D-01
            0.13888888888889D-01  0.13888888888889D-01  0.13888888888889D-01
            0.13888888888889D-01  0.13888888888889D-01  0.13888888888889D-01
            0.13888888888889D-01  0.13888888888889D-01  0.13888888888889D-01
      xred  0.33333333333333D+00  0.66666666666667D+00  0.22137450700000D-02
            0.66666666666667D+00  0.33333333333333D+00  0.50221374507000D+00
            0.33333333333333D+00  0.66666666666667D+00  0.38028625493150D+00
            0.66666666666667D+00  0.33333333333333D+00  0.88028625493150D+00
     znucl  0.30000000000000D+02  0.80000000000000D+01
      zion  0.20000000000000D+02  0.60000000000000D+01
 
  Description of the potentials (KB energies)
  vrsio8 (for pseudopotentials)=100401
  usepaw =  0
  dimekb =  6       lmnmax=  6
  Atom type=    1   pspso=  0   nekb=   6
  iln lpsang iproj  ekb(:)
     1     0     1     2.8276426E+00  0.0000000E+00  0.0000000E+00  0.0000000E+00
                       0.0000000E+00  0.0000000E+00
     2     0     2     0.0000000E+00 -1.5327635E+00  0.0000000E+00  0.0000000E+00
                       0.0000000E+00  0.0000000E+00
     3     1     1     0.0000000E+00  0.0000000E+00 -4.6325269E+00  0.0000000E+00
                       0.0000000E+00  0.0000000E+00
     4     1     2     0.0000000E+00  0.0000000E+00  0.0000000E+00 -1.3248759E+00
                       0.0000000E+00  0.0000000E+00
     5     2     1     0.0000000E+00  0.0000000E+00  0.0000000E+00  0.0000000E+00
                      -6.9435200E+00  0.0000000E+00
     6     2     2     0.0000000E+00  0.0000000E+00  0.0000000E+00  0.0000000E+00
                      -6.9435200E+00  0.0000000E+00
  Atom type=    2   pspso=  0   nekb=   5
  iln lpsang iproj  ekb(:)
     1     0     1     6.0567355E+00  0.0000000E+00  0.0000000E+00  0.0000000E+00
                       0.0000000E+00
     2     0     2     0.0000000E+00  8.2402410E-01  0.0000000E+00  0.0000000E+00
                       0.0000000E+00
     3     1     1     0.0000000E+00  0.0000000E+00 -4.7171296E+00  0.0000000E+00
                       0.0000000E+00
     4     1     2     0.0000000E+00  0.0000000E+00  0.0000000E+00 -1.1492707E+00
                       0.0000000E+00
     5     2     1     0.0000000E+00  0.0000000E+00  0.0000000E+00  0.0000000E+00
                      -1.3319550E+00
 
 **** Database of total energy derivatives ****
 Number of data blocks=    1
  
 2nd derivatives (non-stat.)  - # elements :         351
 qpt  0.00000000E+00  0.00000000E+00  0.00000000E+00   1.0
   1   1   1   1  0.30077654997840D+01  0.00000000000000D+00
   2   1   1   1 -0.15038827505305D+01  0.00000000000000D+00
   3   1   1   1  0.57864799895234D-08  0.00000000000000D+00
   1   2   1   1 -0.12221560075731D+00 -0.11967343187138D-13
   2   2   1   1  0.61107800957364D-01 -0.34868785191767D-14
   3   2   1   1 -0.50537355712566D-13  0.31893615122565D-15
   1   3   1   1  0.70928543948483D-02 -0.14853356720060D-14
   2   3   1   1 -0.35464279662065D-02 -0.12403900828356D-14
   3   3   1   1 -0.60082344410484D-16  0.12018980029304D-14
   1   4   1   1 -0.28929671058977D+01  0.51773016252589D-14
   2   4   1   1  0.14464835537785D+01  0.12189678520424D-15
   3   4   1   1 -0.57864293920853D-08 -0.20793275490815D-16
   1   6   1   1 -0.11208155862746D+03  0.00000000000000D+00
   2   6   1   1  0.00000000000000D+00  0.00000000000000D+00
   3   6   1   1  0.00000000000000D+00  0.00000000000000D+00
   1   1   2   1 -0.15038827505305D+01  0.00000000000000D+00
   2   1   2   1  0.30077655019450D+01  0.00000000000000D+00
   3   1   2   1  0.39575354754230D-08  0.00000000000000D+00
   1   2   2   1  0.61107800957366D-01 -0.34868785191767D-14
   2   2   2   1 -0.12221560270682D+00 -0.38309453160337D-14
   3   2   2   1 -0.73486966225136D-13  0.92723876964324D-15
   1   3   2   1 -0.35464279662136D-02 -0.12403900828356D-14
   2   3   2   1  0.70928569840092D-02 -0.29364491739291D-15
   3   3   2   1 -0.14413067529336D-13  0.15425225997841D-14
   1   4   2   1  0.14464835537785D+01  0.12189678520424D-15
   2   4   2   1 -0.28929671086926D+01 -0.18378385056987D-16
   3   4   2   1 -0.39574475753892D-08 -0.38700420181573D-15
   1   6   2   1  0.59110975358366D-16  0.00000000000000D+00
   2   6   2   1 -0.11208155862746D+03  0.00000000000000D+00
   3   6   2   1  0.00000000000000D+00  0.00000000000000D+00
   1   1   3   1  0.57864799895234D-08  0.00000000000000D+00
   2   1   3   1  0.39575354754230D-08  0.00000000000000D+00
   3   1   3   1  0.11907085563282D+02  0.00000000000000D+00
   1   2   3   1 -0.50537355712659D-13  0.31893615122565D-15
   2   2   3   1 -0.73486966224774D-13  0.92723876964324D-15
   3   2   3   1 -0.49490482678789D+01  0.88253028926249D-15
   1   3   3   1 -0.60082344371710D-16  0.12018980029304D-14
   2   3   3   1 -0.14413067529207D-13  0.15425225997841D-14
   3   3   3   1 -0.53979850408133D+01  0.64226547481472D-14
   1   4   3   1 -0.57864293920853D-08 -0.20793275490815D-16
   2   4   3   1 -0.39574475753892D-08 -0.38700420181573D-15
   3   4   3   1 -0.15619769775482D+01 -0.21647830108036D-13
   1   6   3   1  0.00000000000000D+00  0.00000000000000D+00
   2   6   3   1  0.00000000000000D+00  0.00000000000000D+00
   3   6   3   1 -0.11225256773458D+03  0.00000000000000D+00
   1   1   1   2 -0.12221560075731D+00  0.11967343187138D-13
   2   1   1   2  0.61107800957364D-01  0.34868785191767D-14
   3   1   1   2 -0.50537355712776D-13 -0.31893615122565D-15
   1   2   1   2  0.30077654997840D+01  0.00000000000000D+00
   2   2   1   2 -0.15038827505305D+01  0.00000000000000D+00
   3   2   1   2 -0.57864103190599D-08  0.00000000000000D+00
   1   3   1   2 -0.28929671058977D+01 -0.88440787409641D-15
   2   3   1   2  0.14464835537785D+01  0.70462911164756D-15
   3   3   1   2  0.57864829070670D-08 -0.11685457473107D-14
   1   4   1   2  0.70928543947346D-02  0.51169757412594D-15
   2   4   1   2 -0.35464279661461D-02 -0.44420408167989D-15
   3   4   1   2 -0.22050651380118D-13  0.24722418660092D-15
   1   6   1   2 -0.11208155862746D+03  0.00000000000000D+00
   2   6   1   2  0.00000000000000D+00  0.00000000000000D+00
   3   6   1   2  0.00000000000000D+00  0.00000000000000D+00
   1   1   2   2  0.61107800957366D-01  0.34868785191767D-14
   2   1   2   2 -0.12221560270682D+00  0.38309453160337D-14
   3   1   2   2 -0.73486966225326D-13 -0.92723876964324D-15
   1   2   2   2 -0.15038827505305D+01  0.00000000000000D+00
   2   2   2   2  0.30077655019450D+01  0.00000000000000D+00
   3   2   2   2 -0.39574279650822D-08  0.00000000000000D+00
   1   3   2   2  0.14464835537785D+01  0.70462911164756D-15
   2   3   2   2 -0.28929671086926D+01 -0.21370493305017D-14
   3   3   2   2  0.39575091912938D-08  0.41937403865847D-15
   1   4   2   2 -0.35464279661461D-02 -0.44420408167989D-15
   2   4   2   2  0.70928569839026D-02  0.10058181858879D-14
   3   4   2   2 -0.77392453469676D-14  0.27255358542226D-15
   1   6   2   2  0.43268106019944D-15  0.00000000000000D+00
   2   6   2   2 -0.11208155862746D+03  0.00000000000000D+00
   3   6   2   2  0.00000000000000D+00  0.00000000000000D+00
   1   1   3   2 -0.50537355712449D-13 -0.31893615122565D-15
   2   1   3   2 -0.73486966225253D-13 -0.92723876964324D-15
   3   1   3   2 -0.49490482678789D+01 -0.88253028926249D-15
   1   2   3   2 -0.57864103190599D-08  0.00000000000000D+00
   2   2   3   2 -0.39574279650822D-08  0.00000000000000D+00
   3   2   3   2  0.11907085563282D+02  0.00000000000000D+00
   1   3   3   2  0.57864829070670D-08 -0.11685457473107D-14
   2   3   3   2  0.39575091912938D-08  0.41937403865847D-15
   3   3   3   2 -0.15619769775482D+01  0.13623485763845D-13
   1   4   3   2 -0.22050651380050D-13  0.24722418660092D-15
   2   4   3   2 -0.77392453470366D-14  0.27255358542226D-15
   3   4   3   2 -0.53979850408128D+01  0.10343419441198D-13
   1   6   3   2  0.00000000000000D+00  0.00000000000000D+00
   2   6   3   2  0.00000000000000D+00  0.00000000000000D+00
   3   6   3   2 -0.11225256773458D+03  0.00000000000000D+00
   1   1   1   3  0.70927666891620D-02  0.14853356720060D-14
   2   1   1   3 -0.35463841133705D-02  0.12403900828356D-14
   3   1   1   3 -0.60082342872445D-16 -0.12018980029304D-14
   1   2   1   3 -0.28929670722716D+01  0.88440787409641D-15
   2   2   1   3  0.14464835369655D+01 -0.70462911164756D-15
   3   2   1   3  0.57864829070670D-08  0.11685457473107D-14
   1   3   1   3  0.32596279435420D+01  0.00000000000000D+00
   2   3   1   3 -0.16298139718840D+01  0.00000000000000D+00
   3   3   1   3 -0.57864853107933D-08  0.00000000000000D+00
   1   4   1   3 -0.37365099409724D+00  0.10449783797251D-14
   2   4   1   3  0.18682549710071D+00  0.24479219754121D-15
   3   4   1   3  0.24638087138952D-14  0.14857940022741D-15
   1   6   1   3 -0.51491045118860D+02  0.00000000000000D+00
   2   6   1   3  0.00000000000000D+00  0.00000000000000D+00
   3   6   1   3  0.00000000000000D+00  0.00000000000000D+00
   1   1   2   3 -0.35463841133705D-02  0.12403900828356D-14
   2   1   2   3  0.70927692783300D-02  0.29364491739291D-15
   3   1   2   3 -0.14413067527794D-13 -0.15425225997841D-14
   1   2   2   3  0.14464835369655D+01 -0.70462911164756D-15
   2   2   2   3 -0.28929670750665D+01  0.21370493305017D-14
   3   2   2   3  0.39575091912938D-08 -0.41937403865847D-15
   1   3   2   3 -0.16298139718838D+01  0.00000000000000D+00
   2   3   2   3  0.32596279439229D+01  0.00000000000000D+00
   3   3   2   3 -0.39574967016570D-08  0.00000000000000D+00
   1   4   2   3  0.18682549710071D+00  0.24479219754121D-15
   2   4   2   3 -0.37365099427271D+00 -0.20544285754071D-15
   3   4   2   3  0.19234307401480D-14 -0.39343785435284D-16
   1   6   2   3 -0.26851167215273D-15  0.00000000000000D+00
   2   6   2   3 -0.51491045118860D+02  0.00000000000000D+00
   3   6   2   3  0.00000000000000D+00  0.00000000000000D+00
   1   1   3   3 -0.60082344371710D-16 -0.12018980029304D-14
   2   1   3   3 -0.14413067529207D-13 -0.15425225997841D-14
   3   1   3   3 -0.53979847151771D+01 -0.64226547481472D-14
   1   2   3   3  0.57864829070670D-08  0.11685457473107D-14
   2   2   3   3  0.39575091912938D-08 -0.41937403865847D-15
   3   2   3   3 -0.15619769775482D+01 -0.13623485763845D-13
   1   3   3   3 -0.57864853107933D-08  0.00000000000000D+00
   2   3   3   3 -0.39574967016570D-08  0.00000000000000D+00
   3   3   3   3  0.12148706124811D+02  0.00000000000000D+00
   1   4   3   3  0.24638087135112D-14  0.14857940022741D-15
   2   4   3   3  0.19234307405626D-14 -0.39343785435284D-16
   3   4   3   3 -0.51895172070360D+01 -0.92841016761173D-17
   1   6   3   3  0.00000000000000D+00  0.00000000000000D+00
   2   6   3   3  0.00000000000000D+00  0.00000000000000D+00
   3   6   3   3 -0.50953439562288D+02  0.00000000000000D+00
   1   1   1   4 -0.28929670722716D+01 -0.51773016252589D-14
   2   1   1   4  0.14464835369655D+01 -0.12189678520424D-15
   3   1   1   4 -0.57864293920853D-08  0.20793275490815D-16
   1   2   1   4  0.70927666890483D-02 -0.51169757412594D-15
   2   2   1   4 -0.35463841132994D-02  0.44420408167989D-15
   3   2   1   4 -0.22050651384461D-13 -0.24722418660092D-15
   1   3   1   4 -0.37365099409724D+00 -0.10449783797251D-14
   2   3   1   4  0.18682549710071D+00 -0.24479219754121D-15
   3   3   1   4  0.24638087135462D-14 -0.14857940022741D-15
   1   4   1   4  0.32596279435420D+01  0.00000000000000D+00
   2   4   1   4 -0.16298139718838D+01  0.00000000000000D+00
   3   4   1   4  0.57864489789280D-08  0.00000000000000D+00
   1   6   1   4 -0.51491045118860D+02  0.00000000000000D+00
   2   6   1   4  0.00000000000000D+00  0.00000000000000D+00
   3   6   1   4  0.00000000000000D+00  0.00000000000000D+00
   1   1   2   4  0.14464835369655D+01 -0.12189678520424D-15
   2   1   2   4 -0.28929670750666D+01  0.18378385056987D-16
   3   1   2   4 -0.39574475753892D-08  0.38700420181573D-15
   1   2   2   4 -0.35463841133030D-02  0.44420408167989D-15
   2   2   2   4  0.70927692782234D-02 -0.10058181858879D-14
   3   2   2   4 -0.77392453470366D-14 -0.27255358542226D-15
   1   3   2   4  0.18682549710071D+00 -0.24479219754121D-15
   2   3   2   4 -0.37365099427271D+00  0.20544285754071D-15
   3   3   2   4  0.19234307405626D-14  0.39343785435284D-16
   1   4   2   4 -0.16298139718840D+01  0.00000000000000D+00
   2   4   2   4  0.32596279439229D+01  0.00000000000000D+00
   3   4   2   4  0.39574533912038D-08  0.00000000000000D+00
   1   6   2   4  0.19222097189890D-15  0.00000000000000D+00
   2   6   2   4 -0.51491045118860D+02  0.00000000000000D+00
   3   6   2   4  0.00000000000000D+00  0.00000000000000D+00
   1   1   3   4 -0.57864293920853D-08  0.20793275490815D-16
   2   1   3   4 -0.39574475753892D-08  0.38700420181573D-15
   3   1   3   4 -0.15619769775482D+01  0.21647830108036D-13
   1   2   3   4 -0.22050651380050D-13 -0.24722418660092D-15
   2   2   3   4 -0.77392453470366D-14 -0.27255358542226D-15
   3   2   3   4 -0.53979847151767D+01 -0.10343419441198D-13
   1   3   3   4  0.24638087138602D-14 -0.14857940022741D-15
   2   3   3   4  0.19234307401824D-14  0.39343785435284D-16
   3   3   3   4 -0.51895172070360D+01  0.92841016761173D-17
   1   4   3   4  0.57864489789280D-08  0.00000000000000D+00
   2   4   3   4  0.39574533912038D-08  0.00000000000000D+00
   3   4   3   4  0.12148706124810D+02  0.00000000000000D+00
   1   6   3   4  0.00000000000000D+00  0.00000000000000D+00
   2   6   3   4  0.00000000000000D+00  0.00000000000000D+00
   3   6   3   4 -0.50953439562288D+02  0.00000000000000D+00
   1   1   1   6 -0.11208155712741D+03  0.00000000000000D+00
   2   1   1   6  0.59110975358366D-16  0.00000000000000D+00
   3   1   1   6  0.00000000000000D+00  0.00000000000000D+00
   1   2   1   6 -0.11208155712741D+03  0.00000000000000D+00
   2   2   1   6  0.53147335613320D-15  0.00000000000000D+00
   3   2   1   6  0.00000000000000D+00  0.00000000000000D+00
   1   3   1   6 -0.51491046166291D+02  0.00000000000000D+00
   2   3   1   6 -0.26851167215273D-15  0.00000000000000D+00
   3   3   1   6  0.00000000000000D+00  0.00000000000000D+00
   1   4   1   6 -0.51491046166291D+02  0.00000000000000D+00
   2   4   1   6 -0.79923617947157D-16  0.00000000000000D+00
   3   4   1   6  0.00000000000000D+00  0.00000000000000D+00
   1   6   1   6 -0.19442630859728D+03  0.00000000000000D+00
   2   6   1   6 -0.97213154298638D+02  0.00000000000000D+00
   3   6   1   6  0.00000000000000D+00  0.00000000000000D+00
   1   1   2   6  0.00000000000000D+00  0.00000000000000D+00
   2   1   2   6 -0.11208155712741D+03  0.00000000000000D+00
   3   1   2   6  0.00000000000000D+00  0.00000000000000D+00
   1   2   2   6  0.00000000000000D+00  0.00000000000000D+00
   2   2   2   6 -0.11208155712741D+03  0.00000000000000D+00
   3   2   2   6  0.00000000000000D+00  0.00000000000000D+00
   1   3   2   6  0.00000000000000D+00  0.00000000000000D+00
   2   3   2   6 -0.51491046166291D+02  0.00000000000000D+00
   3   3   2   6  0.00000000000000D+00  0.00000000000000D+00
   1   4   2   6  0.00000000000000D+00  0.00000000000000D+00
   2   4   2   6 -0.51491046166291D+02  0.00000000000000D+00
   3   4   2   6  0.00000000000000D+00  0.00000000000000D+00
   1   6   2   6 -0.97213154298638D+02  0.00000000000000D+00
   2   6   2   6 -0.19442630859728D+03  0.00000000000000D+00
   3   6   2   6  0.00000000000000D+00  0.00000000000000D+00
   1   1   3   6  0.00000000000000D+00  0.00000000000000D+00
   2   1   3   6  0.00000000000000D+00  0.00000000000000D+00
   3   1   3   6 -0.11225256747950D+03  0.00000000000000D+00
   1   2   3   6  0.00000000000000D+00  0.00000000000000D+00
   2   2   3   6  0.00000000000000D+00  0.00000000000000D+00
   3   2   3   6 -0.11225256747950D+03  0.00000000000000D+00
   1   3   3   6  0.00000000000000D+00  0.00000000000000D+00
   2   3   3   6  0.00000000000000D+00  0.00000000000000D+00
   3   3   3   6 -0.50953439110072D+02  0.00000000000000D+00
   1   4   3   6  0.00000000000000D+00  0.00000000000000D+00
   2   4   3   6  0.00000000000000D+00  0.00000000000000D+00
   3   4   3   6 -0.50953439110072D+02  0.00000000000000D+00
   1   6   3   6  0.00000000000000D+00  0.00000000000000D+00
   2   6   3   6  0.00000000000000D+00  0.00000000000000D+00
   3   6   3   6 -0.37424671850130D+02  0.00000000000000D+00
   1   1   1   7  0.77537219833938D+00  0.00000000000000D+00
   2   1   1   7  0.52140030369131D-08  0.00000000000000D+00
   3   1   1   7  0.93972239221837D+00  0.00000000000000D+00
   1   2   1   7 -0.77537219825174D+00  0.00000000000000D+00
   2   2   1   7 -0.50880730403223D-08  0.00000000000000D+00
   3   2   1   7  0.93972237795286D+00  0.00000000000000D+00
   1   3   1   7  0.87777074624108D+00  0.00000000000000D+00
   2   3   1   7 -0.22460598689781D-07  0.00000000000000D+00
   3   3   1   7 -0.93972864715184D+00  0.00000000000000D+00
   1   4   1   7 -0.87777074622799D+00  0.00000000000000D+00
   2   4   1   7  0.22472362318493D-07  0.00000000000000D+00
   3   4   1   7 -0.93972863980763D+00  0.00000000000000D+00
   1   6   1   7  0.24154987038338D-09  0.00000000000000D+00
   2   6   1   7  0.56039308610201D-10  0.00000000000000D+00
   3   6   1   7  0.12631925619484D+01  0.00000000000000D+00
   1   7   1   7  0.14597006749042D+01  0.00000000000000D+00
   2   7   1   7  0.56044210587808D+00  0.00000000000000D+00
   3   7   1   7  0.38936955921932D+00  0.00000000000000D+00
   1   8   1   7  0.17545379736983D-10  0.00000000000000D+00
   2   8   1   7 -0.13650654185983D-11  0.00000000000000D+00
   3   8   1   7 -0.43007571602036D-06  0.00000000000000D+00
   1   1   2   7 -0.77537221266563D+00  0.00000000000000D+00
   2   1   2   7 -0.64935246821932D-08  0.00000000000000D+00
   3   1   2   7  0.93972236015097D+00  0.00000000000000D+00
   1   2   2   7  0.77537221264589D+00  0.00000000000000D+00
   2   2   2   7  0.64927044637496D-08  0.00000000000000D+00
   3   2   2   7  0.93972237494530D+00  0.00000000000000D+00
   1   3   2   7 -0.87777073582698D+00  0.00000000000000D+00
   2   3   2   7  0.15397499476676D-07  0.00000000000000D+00
   3   3   2   7 -0.93972866450243D+00  0.00000000000000D+00
   1   4   2   7  0.87777073568055D+00  0.00000000000000D+00
   2   4   2   7 -0.15392067324083D-07  0.00000000000000D+00
   3   4   2   7 -0.93972867293859D+00  0.00000000000000D+00
   1   6   2   7 -0.17659373876405D-09  0.00000000000000D+00
   2   6   2   7 -0.11440170425564D-09  0.00000000000000D+00
   3   6   2   7  0.12631925575264D+01  0.00000000000000D+00
   1   7   2   7  0.56044209365821D+00  0.00000000000000D+00
   2   7   2   7  0.14596998142879D+01  0.00000000000000D+00
   3   7   2   7  0.38936942198037D+00  0.00000000000000D+00
   1   8   2   7  0.28868783229122D-11  0.00000000000000D+00
   2   8   2   7 -0.18456383978720D-11  0.00000000000000D+00
   3   8   2   7 -0.39601136053341D-06  0.00000000000000D+00
   1   1   3   7  0.13975098485998D-09  0.00000000000000D+00
   2   1   3   7  0.17716990683563D-09  0.00000000000000D+00
   3   1   3   7 -0.18174305064843D+01  0.00000000000000D+00
   1   2   3   7 -0.13921604205353D-09  0.00000000000000D+00
   2   2   3   7 -0.17643431775388D-09  0.00000000000000D+00
   3   2   3   7 -0.18174305064978D+01  0.00000000000000D+00
   1   3   3   7  0.96524324445568D-10  0.00000000000000D+00
   2   3   3   7  0.11044208124371D-09  0.00000000000000D+00
   3   3   3   7  0.18175226769086D+01  0.00000000000000D+00
   1   4   3   7 -0.97895277397260D-10  0.00000000000000D+00
   2   4   3   7 -0.10264247455603D-09  0.00000000000000D+00
   3   4   3   7  0.18175226769098D+01  0.00000000000000D+00
   1   6   3   7  0.11646791170383D-10  0.00000000000000D+00
   2   6   3   7 -0.65912414415337D-10  0.00000000000000D+00
   3   6   3   7 -0.25832865327893D+01  0.00000000000000D+00
   1   7   3   7  0.38936955231463D+00  0.00000000000000D+00
   2   7   3   7  0.38936942887438D+00  0.00000000000000D+00
   3   7   3   7  0.26357370001974D+01  0.00000000000000D+00
   1   8   3   7 -0.33487021232921D-10  0.00000000000000D+00
   2   8   3   7 -0.14859743241269D-10  0.00000000000000D+00
   3   8   3   7 -0.11855013633823D-06  0.00000000000000D+00
   1   1   1   8 -0.28518401677270D+00  0.00000000000000D+00
   2   1   1   8  0.57036802647967D+00  0.00000000000000D+00
   3   1   1   8  0.44571111756692D-07  0.00000000000000D+00
   1   2   1   8 -0.28518401663261D+00  0.00000000000000D+00
   2   2   1   8  0.57036802648799D+00  0.00000000000000D+00
   3   2   1   8 -0.44780705866034D-07  0.00000000000000D+00
   1   3   1   8  0.28518562814488D+00  0.00000000000000D+00
   2   3   1   8 -0.57037121715507D+00  0.00000000000000D+00
   3   3   1   8  0.23626568938380D-07  0.00000000000000D+00
   1   4   1   8  0.28518562817094D+00  0.00000000000000D+00
   2   4   1   8 -0.57037121716020D+00  0.00000000000000D+00
   3   4   1   8 -0.23693131668524D-07  0.00000000000000D+00
   1   6   1   8  0.10513141405107D-05  0.00000000000000D+00
   2   6   1   8  0.22376340100626D+01  0.00000000000000D+00
   3   6   1   8  0.35694730157743D-10  0.00000000000000D+00
   1   7   1   8 -0.43956284329852D-08  0.00000000000000D+00
   2   7   1   8 -0.44244093867884D-08  0.00000000000000D+00
   3   7   1   8 -0.44677944845263D-08  0.00000000000000D+00
   1   8   1   8  0.20343765912719D+00  0.00000000000000D+00
   2   8   1   8 -0.13660233269497D-06  0.00000000000000D+00
   3   8   1   8 -0.22267471703469D-11  0.00000000000000D+00
   1   1   2   8  0.49395334324668D+00  0.00000000000000D+00
   2   1   2   8 -0.13746686283630D-07  0.00000000000000D+00
   3   1   2   8 -0.58125119060227D-07  0.00000000000000D+00
   1   2   2   8  0.49395334314938D+00  0.00000000000000D+00
   2   2   2   8 -0.13703873424237D-07  0.00000000000000D+00
   3   2   2   8  0.58064657999031D-07  0.00000000000000D+00
   1   3   2   8 -0.49395545861715D+00  0.00000000000000D+00
   2   3   2   8  0.61316225633735D-07  0.00000000000000D+00
   3   3   2   8 -0.46870702511164D-09  0.00000000000000D+00
   1   4   2   8 -0.49395545862806D+00  0.00000000000000D+00
   2   4   2   8  0.61323734153681D-07  0.00000000000000D+00
   3   4   2   8  0.47479079441343D-09  0.00000000000000D+00
   1   6   2   8  0.25837986818317D+01  0.00000000000000D+00
   2   6   2   8  0.12918987252307D+01  0.00000000000000D+00
   3   6   2   8  0.38266080842203D-11  0.00000000000000D+00
   1   7   2   8 -0.88761621010358D-09  0.00000000000000D+00
   2   7   2   8 -0.89915058738476D-09  0.00000000000000D+00
   3   7   2   8 -0.91573017963337D-09  0.00000000000000D+00
   1   8   2   8 -0.11297588847033D-06  0.00000000000000D+00
   2   8   2   8  0.20343782894565D+00  0.00000000000000D+00
   3   8   2   8  0.23367415870440D-10  0.00000000000000D+00
   1   1   3   8  0.44766140909427D+00  0.00000000000000D+00
   2   1   3   8 -0.89532271818134D+00  0.00000000000000D+00
   3   1   3   8 -0.30803373015336D-08  0.00000000000000D+00
   1   2   3   8 -0.44766140909242D+00  0.00000000000000D+00
   2   2   3   8  0.89532271819148D+00  0.00000000000000D+00
   3   2   3   8  0.37898378511773D-08  0.00000000000000D+00
   1   3   3   8  0.50678111425878D+00  0.00000000000000D+00
   2   3   3   8 -0.10135623001843D+01  0.00000000000000D+00
   3   3   3   8  0.14022364959725D-09  0.00000000000000D+00
   1   4   3   8 -0.50678111428763D+00  0.00000000000000D+00
   2   4   3   8  0.10135623002049D+01  0.00000000000000D+00
   3   4   3   8 -0.16643360171539D-08  0.00000000000000D+00
   1   6   3   8  0.37791965737388D-11  0.00000000000000D+00
   2   6   3   8  0.11000099615910D-09  0.00000000000000D+00
   3   6   3   8 -0.89235800172782D-10  0.00000000000000D+00
   1   7   3   8 -0.44900201324844D-06  0.00000000000000D+00
   2   7   3   8 -0.41029725101171D-06  0.00000000000000D+00
   3   7   3   8 -0.13360662855964D-06  0.00000000000000D+00
   1   8   3   8 -0.11290188083769D-11  0.00000000000000D+00
   2   8   3   8  0.25657969247682D-10  0.00000000000000D+00
   3   8   3   8  0.44962915937356D+00  0.00000000000000D+00
