
 **** DERIVATIVE DATABASE ****    
+DDB, Version number  20230401

  Note : temporary (transfer) database

    usepaw         0
     natom         4
      nkpt        72
    nsppol         1
      nsym        12
    ntypat         2
    occopt         1
     nband        26
     acell  0.60106439675000D+01  0.60106439676000D+01  0.97269585749000D+01
       amu  0.65390000000000D+02  0.15999400000000D+02
   dilatmx  0.10000000000000D+01
      ecut  0.40000000000000D+02
    ecutsm  0.10000000000000D+00
     intxc         0
      iscf         7
       ixc         7
       kpt  0.00000000000000D+00  0.00000000000000D+00  0.12500000000000D+00
            0.16666666666667D+00  0.00000000000000D+00  0.12500000000000D+00
            0.33333333333333D+00  0.00000000000000D+00  0.12500000000000D+00
            0.50000000000000D+00  0.00000000000000D+00  0.12500000000000D+00
           -0.33333333333333D+00  0.00000000000000D+00  0.12500000000000D+00
           -0.16666666666667D+00  0.00000000000000D+00  0.12500000000000D+00
            0.00000000000000D+00  0.16666666666667D+00  0.12500000000000D+00
            0.16666666666667D+00  0.16666666666667D+00  0.12500000000000D+00
            0.33333333333333D+00  0.16666666666667D+00  0.12500000000000D+00
            0.50000000000000D+00  0.16666666666667D+00  0.12500000000000D+00
           -0.33333333333333D+00  0.16666666666667D+00  0.12500000000000D+00
           -0.16666666666667D+00  0.16666666666667D+00  0.12500000000000D+00
            0.00000000000000D+00  0.33333333333333D+00  0.12500000000000D+00
            0.16666666666667D+00  0.33333333333333D+00  0.12500000000000D+00
            0.33333333333333D+00  0.33333333333333D+00  0.12500000000000D+00
            0.50000000000000D+00  0.33333333333333D+00  0.12500000000000D+00
           -0.33333333333333D+00  0.33333333333333D+00  0.12500000000000D+00
           -0.16666666666667D+00  0.33333333333333D+00  0.12500000000000D+00
            0.00000000000000D+00  0.50000000000000D+00  0.12500000000000D+00
            0.16666666666667D+00  0.50000000000000D+00  0.12500000000000D+00
            0.33333333333333D+00  0.50000000000000D+00  0.12500000000000D+00
            0.50000000000000D+00  0.50000000000000D+00  0.12500000000000D+00
           -0.33333333333333D+00  0.50000000000000D+00  0.12500000000000D+00
           -0.16666666666667D+00  0.50000000000000D+00  0.12500000000000D+00
            0.00000000000000D+00 -0.33333333333333D+00  0.12500000000000D+00
            0.16666666666667D+00 -0.33333333333333D+00  0.12500000000000D+00
            0.33333333333333D+00 -0.33333333333333D+00  0.12500000000000D+00
            0.50000000000000D+00 -0.33333333333333D+00  0.12500000000000D+00
           -0.33333333333333D+00 -0.33333333333333D+00  0.12500000000000D+00
           -0.16666666666667D+00 -0.33333333333333D+00  0.12500000000000D+00
            0.00000000000000D+00 -0.16666666666667D+00  0.12500000000000D+00
            0.16666666666667D+00 -0.16666666666667D+00  0.12500000000000D+00
            0.33333333333333D+00 -0.16666666666667D+00  0.12500000000000D+00
            0.50000000000000D+00 -0.16666666666667D+00  0.12500000000000D+00
           -0.33333333333333D+00 -0.16666666666667D+00  0.12500000000000D+00
           -0.16666666666667D+00 -0.16666666666667D+00  0.12500000000000D+00
            0.00000000000000D+00  0.00000000000000D+00  0.37500000000000D+00
            0.16666666666667D+00  0.00000000000000D+00  0.37500000000000D+00
            0.33333333333333D+00  0.00000000000000D+00  0.37500000000000D+00
            0.50000000000000D+00  0.00000000000000D+00  0.37500000000000D+00
           -0.33333333333333D+00  0.00000000000000D+00  0.37500000000000D+00
           -0.16666666666667D+00  0.00000000000000D+00  0.37500000000000D+00
            0.00000000000000D+00  0.16666666666667D+00  0.37500000000000D+00
            0.16666666666667D+00  0.16666666666667D+00  0.37500000000000D+00
            0.33333333333333D+00  0.16666666666667D+00  0.37500000000000D+00
            0.50000000000000D+00  0.16666666666667D+00  0.37500000000000D+00
           -0.33333333333333D+00  0.16666666666667D+00  0.37500000000000D+00
           -0.16666666666667D+00  0.16666666666667D+00  0.37500000000000D+00
            0.00000000000000D+00  0.33333333333333D+00  0.37500000000000D+00
            0.16666666666667D+00  0.33333333333333D+00  0.37500000000000D+00
            0.33333333333333D+00  0.33333333333333D+00  0.37500000000000D+00
            0.50000000000000D+00  0.33333333333333D+00  0.37500000000000D+00
           -0.33333333333333D+00  0.33333333333333D+00  0.37500000000000D+00
           -0.16666666666667D+00  0.33333333333333D+00  0.37500000000000D+00
            0.00000000000000D+00  0.50000000000000D+00  0.37500000000000D+00
            0.16666666666667D+00  0.50000000000000D+00  0.37500000000000D+00
            0.33333333333333D+00  0.50000000000000D+00  0.37500000000000D+00
            0.50000000000000D+00  0.50000000000000D+00  0.37500000000000D+00
           -0.33333333333333D+00  0.50000000000000D+00  0.37500000000000D+00
           -0.16666666666667D+00  0.50000000000000D+00  0.37500000000000D+00
            0.00000000000000D+00 -0.33333333333333D+00  0.37500000000000D+00
            0.16666666666667D+00 -0.33333333333333D+00  0.37500000000000D+00
            0.33333333333333D+00 -0.33333333333333D+00  0.37500000000000D+00
            0.50000000000000D+00 -0.33333333333333D+00  0.37500000000000D+00
           -0.33333333333333D+00 -0.33333333333333D+00  0.37500000000000D+00
           -0.16666666666667D+00 -0.33333333333333D+00  0.37500000000000D+00
            0.00000000000000D+00 -0.16666666666667D+00  0.37500000000000D+00
            0.16666666666667D+00 -0.16666666666667D+00  0.37500000000000D+00
            0.33333333333333D+00 -0.16666666666667D+00  0.37500000000000D+00
            0.50000000000000D+00 -0.16666666666667D+00  0.37500000000000D+00
           -0.33333333333333D+00 -0.16666666666667D+00  0.37500000000000D+00
           -0.16666666666667D+00 -0.16666666666667D+00  0.37500000000000D+00
    kptnrm  0.10000000000000D+01
     ngfft        36   36   60
    nspden         1
   nspinor         1
       occ  0.20000000000000D+01  0.20000000000000D+01  0.20000000000000D+01
            0.20000000000000D+01  0.20000000000000D+01  0.20000000000000D+01
            0.20000000000000D+01  0.20000000000000D+01  0.20000000000000D+01
            0.20000000000000D+01  0.20000000000000D+01  0.20000000000000D+01
            0.20000000000000D+01  0.20000000000000D+01  0.20000000000000D+01
            0.20000000000000D+01  0.20000000000000D+01  0.20000000000000D+01
            0.20000000000000D+01  0.20000000000000D+01  0.20000000000000D+01
            0.20000000000000D+01  0.20000000000000D+01  0.20000000000000D+01
            0.20000000000000D+01  0.20000000000000D+01
     rprim  0.86602540378000D+00 -0.50000000000000D+00  0.00000000000000D+00
            0.00000000000000D+00  0.10000000000000D+01  0.00000000000000D+00
            0.00000000000000D+00  0.00000000000000D+00  0.10000000000000D+01
  dfpt_sciss  0.00000000000000D+00
    spinat  0.00000000000000D+00  0.00000000000000D+00  0.00000000000000D+00
            0.00000000000000D+00  0.00000000000000D+00  0.00000000000000D+00
            0.00000000000000D+00  0.00000000000000D+00  0.00000000000000D+00
            0.00000000000000D+00  0.00000000000000D+00  0.00000000000000D+00
    symafm         1    1    1    1    1    1    1    1    1    1    1    1
    symrel         1    0    0    0    1    0    0    0    1
                   0    1    0    1    0    0    0    0    1
                   1    1    0   -1    0    0    0    0    1
                  -1    0    0    1    1    0    0    0    1
                   0    1    0   -1   -1    0    0    0    1
                  -1   -1    0    0    1    0    0    0    1
                  -1    0    0    0   -1    0    0    0    1
                   0   -1    0   -1    0    0    0    0    1
                  -1   -1    0    1    0    0    0    0    1
                   1    0    0   -1   -1    0    0    0    1
                   0   -1    0    1    1    0    0    0    1
                   1    1    0    0   -1    0    0    0    1
     tnons  0.00000000000000D+00  0.00000000000000D+00  0.00000000000000D+00
            0.22204460492503D-15  0.00000000000000D+00  0.50000000000000D+00
            0.22204460492503D-15  0.00000000000000D+00  0.50000000000000D+00
            0.00000000000000D+00  0.00000000000000D+00  0.00000000000000D+00
            0.00000000000000D+00  0.00000000000000D+00  0.00000000000000D+00
            0.22204460492503D-15  0.00000000000000D+00  0.50000000000000D+00
            0.22204460492503D-15  0.00000000000000D+00  0.50000000000000D+00
            0.00000000000000D+00  0.00000000000000D+00  0.00000000000000D+00
            0.00000000000000D+00  0.00000000000000D+00  0.00000000000000D+00
            0.22204460492503D-15  0.00000000000000D+00  0.50000000000000D+00
            0.22204460492503D-15  0.00000000000000D+00  0.50000000000000D+00
            0.00000000000000D+00  0.00000000000000D+00  0.00000000000000D+00
    tolwfr  0.10000000000000D+01
   tphysel  0.00000000000000D+00
    tsmear  0.10000000000000D-01
     typat         1    1    2    2
       wtk  0.13888888888889D-01  0.13888888888889D-01  0.13888888888889D-01
            0.13888888888889D-01  0.13888888888889D-01  0.13888888888889D-01
            0.13888888888889D-01  0.13888888888889D-01  0.13888888888889D-01
            0.13888888888889D-01  0.13888888888889D-01  0.13888888888889D-01
            0.13888888888889D-01  0.13888888888889D-01  0.13888888888889D-01
            0.13888888888889D-01  0.13888888888889D-01  0.13888888888889D-01
            0.13888888888889D-01  0.13888888888889D-01  0.13888888888889D-01
            0.13888888888889D-01  0.13888888888889D-01  0.13888888888889D-01
            0.13888888888889D-01  0.13888888888889D-01  0.13888888888889D-01
            0.13888888888889D-01  0.13888888888889D-01  0.13888888888889D-01
            0.13888888888889D-01  0.13888888888889D-01  0.13888888888889D-01
            0.13888888888889D-01  0.13888888888889D-01  0.13888888888889D-01
            0.13888888888889D-01  0.13888888888889D-01  0.13888888888889D-01
            0.13888888888889D-01  0.13888888888889D-01  0.13888888888889D-01
            0.13888888888889D-01  0.13888888888889D-01  0.13888888888889D-01
            0.13888888888889D-01  0.13888888888889D-01  0.13888888888889D-01
            0.13888888888889D-01  0.13888888888889D-01  0.13888888888889D-01
            0.13888888888889D-01  0.13888888888889D-01  0.13888888888889D-01
            0.13888888888889D-01  0.13888888888889D-01  0.13888888888889D-01
            0.13888888888889D-01  0.13888888888889D-01  0.13888888888889D-01
            0.13888888888889D-01  0.13888888888889D-01  0.13888888888889D-01
            0.13888888888889D-01  0.13888888888889D-01  0.13888888888889D-01
            0.13888888888889D-01  0.13888888888889D-01  0.13888888888889D-01
            0.13888888888889D-01  0.13888888888889D-01  0.13888888888889D-01
      xred  0.33333333333333D+00  0.66666666666667D+00  0.22137450700000D-02
            0.66666666666667D+00  0.33333333333333D+00  0.50221374507000D+00
            0.33333333333333D+00  0.66666666666667D+00  0.38028625493150D+00
            0.66666666666667D+00  0.33333333333333D+00  0.88028625493150D+00
     znucl  0.30000000000000D+02  0.80000000000000D+01
      zion  0.20000000000000D+02  0.60000000000000D+01
 
  Description of the potentials (KB energies)
  vrsio8 (for pseudopotentials)=100401
  usepaw =  0
  dimekb =  6       lmnmax=  6
  Atom type=    1   pspso=  0   nekb=   6
  iln lpsang iproj  ekb(:)
     1     0     1     2.8276426E+00  0.0000000E+00  0.0000000E+00  0.0000000E+00
                       0.0000000E+00  0.0000000E+00
     2     0     2     0.0000000E+00 -1.5327635E+00  0.0000000E+00  0.0000000E+00
                       0.0000000E+00  0.0000000E+00
     3     1     1     0.0000000E+00  0.0000000E+00 -4.6325269E+00  0.0000000E+00
                       0.0000000E+00  0.0000000E+00
     4     1     2     0.0000000E+00  0.0000000E+00  0.0000000E+00 -1.3248759E+00
                       0.0000000E+00  0.0000000E+00
     5     2     1     0.0000000E+00  0.0000000E+00  0.0000000E+00  0.0000000E+00
                      -6.9435200E+00  0.0000000E+00
     6     2     2     0.0000000E+00  0.0000000E+00  0.0000000E+00  0.0000000E+00
                      -6.9435200E+00  0.0000000E+00
  Atom type=    2   pspso=  0   nekb=   5
  iln lpsang iproj  ekb(:)
     1     0     1     6.0567355E+00  0.0000000E+00  0.0000000E+00  0.0000000E+00
                       0.0000000E+00
     2     0     2     0.0000000E+00  8.2402410E-01  0.0000000E+00  0.0000000E+00
                       0.0000000E+00
     3     1     1     0.0000000E+00  0.0000000E+00 -4.7171296E+00  0.0000000E+00
                       0.0000000E+00
     4     1     2     0.0000000E+00  0.0000000E+00  0.0000000E+00 -1.1492707E+00
                       0.0000000E+00
     5     2     1     0.0000000E+00  0.0000000E+00  0.0000000E+00  0.0000000E+00
                      -1.3319550E+00
 
 **** Database of total energy derivatives ****
 Number of data blocks=    1
  
 3rd derivatives              - # elements :         351
 qpt  0.00000000E+00  0.00000000E+00  0.00000000E+00   1.0
      0.00000000E+00  0.00000000E+00  0.00000000E+00   1.0
      0.00000000E+00  0.00000000E+00  0.00000000E+00   1.0
     1     6     1     6     1     1  0.34763018189741D+00  0.00000000000000D+00
     2     6     1     6     1     1  0.34763006336309D+00  0.00000000000000D+00
     3     6     1     6     1     1  0.38849492668267D+00  0.00000000000000D+00
     1     6     2     6     1     1  0.34763036598820D+00  0.00000000000000D+00
     2     6     2     6     1     1  0.00000000000000D+00  0.00000000000000D+00
     3     6     2     6     1     1  0.00000000000000D+00  0.00000000000000D+00
     1     6     3     6     1     1  0.17376646241112D+01  0.00000000000000D+00
     2     6     3     6     1     1  0.00000000000000D+00  0.00000000000000D+00
     3     6     3     6     1     1  0.00000000000000D+00  0.00000000000000D+00
     1     6     1     6     2     1  0.00000000000000D+00  0.00000000000000D+00
     2     6     1     6     2     1 -0.34762987927231D+00  0.00000000000000D+00
     3     6     1     6     2     1  0.00000000000000D+00  0.00000000000000D+00
     1     6     2     6     2     1 -0.34763006336309D+00  0.00000000000000D+00
     2     6     2     6     2     1 -0.34762976073799D+00  0.00000000000000D+00
     3     6     2     6     2     1  0.38849492668267D+00  0.00000000000000D+00
     1     6     3     6     2     1  0.00000000000000D+00  0.00000000000000D+00
     2     6     3     6     2     1  0.17376646241112D+01  0.00000000000000D+00
     3     6     3     6     2     1  0.00000000000000D+00  0.00000000000000D+00
     1     6     1     6     3     1 -0.11285906055755D+02  0.00000000000000D+00
     2     6     1     6     3     1 -0.56429530525207D+01  0.00000000000000D+00
     3     6     1     6     3     1  0.31204242700250D-07  0.00000000000000D+00
     1     6     2     6     3     1 -0.56429530525207D+01  0.00000000000000D+00
     2     6     2     6     3     1 -0.11285906006469D+02  0.00000000000000D+00
     3     6     2     6     3     1  0.62408485400499D-07  0.00000000000000D+00
     1     6     3     6     3     1  0.70705075134171D-07  0.00000000000000D+00
     2     6     3     6     3     1  0.14141015026834D-06  0.00000000000000D+00
     3     6     3     6     3     1  0.79116317800375D+00  0.00000000000000D+00
     1     6     1     6     1     2 -0.34762976073799D+00  0.00000000000000D+00
     2     6     1     6     1     2 -0.34763006336309D+00  0.00000000000000D+00
     3     6     1     6     1     2  0.38849492668267D+00  0.00000000000000D+00
     1     6     2     6     1     2 -0.34762994482878D+00  0.00000000000000D+00
     2     6     2     6     1     2  0.00000000000000D+00  0.00000000000000D+00
     3     6     2     6     1     2  0.00000000000000D+00  0.00000000000000D+00
     1     6     3     6     1     2  0.17376646241112D+01  0.00000000000000D+00
     2     6     3     6     1     2  0.00000000000000D+00  0.00000000000000D+00
     3     6     3     6     1     2  0.00000000000000D+00  0.00000000000000D+00
     1     6     1     6     2     2  0.00000000000000D+00  0.00000000000000D+00
     2     6     1     6     2     2  0.34763036598820D+00  0.00000000000000D+00
     3     6     1     6     2     2  0.00000000000000D+00  0.00000000000000D+00
     1     6     2     6     2     2  0.34763006336309D+00  0.00000000000000D+00
     2     6     2     6     2     2  0.34763018189741D+00  0.00000000000000D+00
     3     6     2     6     2     2  0.38849492668267D+00  0.00000000000000D+00
     1     6     3     6     2     2  0.00000000000000D+00  0.00000000000000D+00
     2     6     3     6     2     2  0.17376646241112D+01  0.00000000000000D+00
     3     6     3     6     2     2  0.00000000000000D+00  0.00000000000000D+00
     1     6     1     6     3     2 -0.11285906006469D+02  0.00000000000000D+00
     2     6     1     6     3     2 -0.56429530525207D+01  0.00000000000000D+00
     3     6     1     6     3     2  0.62408485400499D-07  0.00000000000000D+00
     1     6     2     6     3     2 -0.56429530525207D+01  0.00000000000000D+00
     2     6     2     6     3     2 -0.11285905858610D+02  0.00000000000000D+00
     3     6     2     6     3     2  0.31204242700250D-07  0.00000000000000D+00
     1     6     3     6     3     2  0.14141015026834D-06  0.00000000000000D+00
     2     6     3     6     3     2  0.70705075134171D-07  0.00000000000000D+00
     3     6     3     6     3     2  0.79116317800375D+00  0.00000000000000D+00
     1     6     1     6     1     3 -0.93471162585382D+01  0.00000000000000D+00
     2     6     1     6     1     3 -0.93471162510770D+01  0.00000000000000D+00
     3     6     1     6     1     3  0.35699910421954D+00  0.00000000000000D+00
     1     6     2     6     1     3 -0.93471163155877D+01  0.00000000000000D+00
     2     6     2     6     1     3  0.00000000000000D+00  0.00000000000000D+00
     3     6     2     6     1     3  0.00000000000000D+00  0.00000000000000D+00
     1     6     3     6     1     3  0.53761381364050D+00  0.00000000000000D+00
     2     6     3     6     1     3  0.00000000000000D+00  0.00000000000000D+00
     3     6     3     6     1     3  0.00000000000000D+00  0.00000000000000D+00
     1     6     1     6     2     3  0.00000000000000D+00  0.00000000000000D+00
     2     6     1     6     2     3  0.93471161940275D+01  0.00000000000000D+00
     3     6     1     6     2     3  0.00000000000000D+00  0.00000000000000D+00
     1     6     2     6     2     3  0.93471162510770D+01  0.00000000000000D+00
     2     6     2     6     2     3  0.93471161865664D+01  0.00000000000000D+00
     3     6     2     6     2     3  0.35699910421954D+00  0.00000000000000D+00
     1     6     3     6     2     3  0.00000000000000D+00  0.00000000000000D+00
     2     6     3     6     2     3  0.53761381364050D+00  0.00000000000000D+00
     3     6     3     6     2     3  0.00000000000000D+00  0.00000000000000D+00
     1     6     1     6     3     3  0.16739839430968D+02  0.00000000000000D+00
     2     6     1     6     3     3  0.83699197593911D+01  0.00000000000000D+00
     3     6     1     6     3     3 -0.11808613727790D-07  0.00000000000000D+00
     1     6     2     6     3     3  0.83699197593911D+01  0.00000000000000D+00
     2     6     2     6     3     3  0.16739839343154D+02  0.00000000000000D+00
     3     6     2     6     3     3 -0.23617227455579D-07  0.00000000000000D+00
     1     6     3     6     3     3  0.17027719917067D-07  0.00000000000000D+00
     2     6     3     6     3     3  0.34055439834134D-07  0.00000000000000D+00
     3     6     3     6     3     3 -0.54568852750695D+01  0.00000000000000D+00
     1     6     1     6     1     4  0.93471161865664D+01  0.00000000000000D+00
     2     6     1     6     1     4  0.93471162510770D+01  0.00000000000000D+00
     3     6     1     6     1     4  0.35699910421954D+00  0.00000000000000D+00
     1     6     2     6     1     4  0.93471162436159D+01  0.00000000000000D+00
     2     6     2     6     1     4  0.00000000000000D+00  0.00000000000000D+00
     3     6     2     6     1     4  0.00000000000000D+00  0.00000000000000D+00
     1     6     3     6     1     4  0.53761381364050D+00  0.00000000000000D+00
     2     6     3     6     1     4  0.00000000000000D+00  0.00000000000000D+00
     3     6     3     6     1     4  0.00000000000000D+00  0.00000000000000D+00
     1     6     1     6     2     4  0.00000000000000D+00  0.00000000000000D+00
     2     6     1     6     2     4 -0.93471163155877D+01  0.00000000000000D+00
     3     6     1     6     2     4  0.00000000000000D+00  0.00000000000000D+00
     1     6     2     6     2     4 -0.93471162510770D+01  0.00000000000000D+00
     2     6     2     6     2     4 -0.93471162585382D+01  0.00000000000000D+00
     3     6     2     6     2     4  0.35699910421954D+00  0.00000000000000D+00
     1     6     3     6     2     4  0.00000000000000D+00  0.00000000000000D+00
     2     6     3     6     2     4  0.53761381364050D+00  0.00000000000000D+00
     3     6     3     6     2     4  0.00000000000000D+00  0.00000000000000D+00
     1     6     1     6     3     4  0.16739839343154D+02  0.00000000000000D+00
     2     6     1     6     3     4  0.83699197593911D+01  0.00000000000000D+00
     3     6     1     6     3     4 -0.23617227455579D-07  0.00000000000000D+00
     1     6     2     6     3     4  0.83699197593911D+01  0.00000000000000D+00
     2     6     2     6     3     4  0.16739839079713D+02  0.00000000000000D+00
     3     6     2     6     3     4 -0.11808613727790D-07  0.00000000000000D+00
     1     6     3     6     3     4  0.34055439834134D-07  0.00000000000000D+00
     2     6     3     6     3     4  0.17027719917067D-07  0.00000000000000D+00
     3     6     3     6     3     4 -0.54568852750695D+01  0.00000000000000D+00
     1     6     1     1     1     6  0.90445750434124D+01  0.00000000000000D+00
     2     6     1     1     1     6  0.90445750931516D+01  0.00000000000000D+00
     3     6     1     1     1     6 -0.13218984624275D+01  0.00000000000000D+00
     1     6     2     1     1     6  0.00000000000000D+00  0.00000000000000D+00
     2     6     2     1     1     6 -0.90445750434124D+01  0.00000000000000D+00
     3     6     2     1     1     6  0.00000000000000D+00  0.00000000000000D+00
     1     6     3     1     1     6  0.21538331563622D+02  0.00000000000000D+00
     2     6     3     1     1     6  0.10769165846586D+02  0.00000000000000D+00
     3     6     3     1     1     6 -0.16538138459963D-07  0.00000000000000D+00
     1     6     1     2     1     6 -0.90445750931516D+01  0.00000000000000D+00
     2     6     1     2     1     6 -0.90445750931516D+01  0.00000000000000D+00
     3     6     1     2     1     6 -0.13218984624275D+01  0.00000000000000D+00
     1     6     2     2     1     6  0.00000000000000D+00  0.00000000000000D+00
     2     6     2     2     1     6  0.90445750931516D+01  0.00000000000000D+00
     3     6     2     2     1     6  0.00000000000000D+00  0.00000000000000D+00
     1     6     3     2     1     6  0.21538331434071D+02  0.00000000000000D+00
     2     6     3     2     1     6  0.10769165846586D+02  0.00000000000000D+00
     3     6     3     2     1     6 -0.33076276919926D-07  0.00000000000000D+00
     1     6     1     3     1     6  0.22909611820903D+01  0.00000000000000D+00
     2     6     1     3     1     6  0.22909615318531D+01  0.00000000000000D+00
     3     6     1     3     1     6 -0.35864261222294D+00  0.00000000000000D+00
     1     6     2     3     1     6  0.00000000000000D+00  0.00000000000000D+00
     2     6     2     3     1     6 -0.22909611820903D+01  0.00000000000000D+00
     3     6     2     3     1     6  0.00000000000000D+00  0.00000000000000D+00
     1     6     3     3     1     6 -0.28673482405418D+02  0.00000000000000D+00
     2     6     3     3     1     6 -0.14336741085344D+02  0.00000000000000D+00
     3     6     3     3     1     6 -0.60722236142100D-07  0.00000000000000D+00
     1     6     1     4     1     6 -0.22909615318531D+01  0.00000000000000D+00
     2     6     1     4     1     6 -0.22909615318531D+01  0.00000000000000D+00
     3     6     1     4     1     6 -0.35864261222294D+00  0.00000000000000D+00
     1     6     2     4     1     6  0.00000000000000D+00  0.00000000000000D+00
     2     6     2     4     1     6  0.22909615318531D+01  0.00000000000000D+00
     3     6     2     4     1     6  0.00000000000000D+00  0.00000000000000D+00
     1     6     3     4     1     6 -0.28673482640148D+02  0.00000000000000D+00
     2     6     3     4     1     6 -0.14336741085344D+02  0.00000000000000D+00
     3     6     3     4     1     6 -0.12144447228420D-06  0.00000000000000D+00
     1     1     1     6     1     6  0.34763018189741D+00  0.00000000000000D+00
     2     1     1     6     1     6  0.00000000000000D+00  0.00000000000000D+00
     3     1     1     6     1     6 -0.11285906055755D+02  0.00000000000000D+00
     1     2     1     6     1     6 -0.34763066861330D+00  0.00000000000000D+00
     2     2     1     6     1     6  0.00000000000000D+00  0.00000000000000D+00
     3     2     1     6     1     6 -0.11285906006469D+02  0.00000000000000D+00
     1     3     1     6     1     6 -0.93471162585382D+01  0.00000000000000D+00
     2     3     1     6     1     6  0.00000000000000D+00  0.00000000000000D+00
     3     3     1     6     1     6  0.16739839430968D+02  0.00000000000000D+00
     1     4     1     6     1     6  0.93471163800984D+01  0.00000000000000D+00
     2     4     1     6     1     6  0.00000000000000D+00  0.00000000000000D+00
     3     4     1     6     1     6  0.16739839343154D+02  0.00000000000000D+00
     1     6     1     6     1     6  0.00000000000000D+00  0.00000000000000D+00
     2     6     1     6     1     6  0.00000000000000D+00  0.00000000000000D+00
     3     6     1     6     1     6 -0.10524148580645D+03  0.00000000000000D+00
     1     1     2     6     1     6  0.34763036598820D+00  0.00000000000000D+00
     2     1     2     6     1     6 -0.34763048452252D+00  0.00000000000000D+00
     3     1     2     6     1     6 -0.56429530525207D+01  0.00000000000000D+00
     1     2     2     6     1     6 -0.34763036598820D+00  0.00000000000000D+00
     2     2     2     6     1     6  0.34763006336309D+00  0.00000000000000D+00
     3     2     2     6     1     6 -0.56429530525207D+01  0.00000000000000D+00
     1     3     2     6     1     6 -0.93471163155877D+01  0.00000000000000D+00
     2     3     2     6     1     6  0.93471163230488D+01  0.00000000000000D+00
     3     3     2     6     1     6  0.83699197593911D+01  0.00000000000000D+00
     1     4     2     6     1     6  0.93471163155877D+01  0.00000000000000D+00
     2     4     2     6     1     6 -0.93471162510770D+01  0.00000000000000D+00
     3     4     2     6     1     6  0.83699197593911D+01  0.00000000000000D+00
     1     6     2     6     1     6  0.00000000000000D+00  0.00000000000000D+00
     2     6     2     6     1     6  0.00000000000000D+00  0.00000000000000D+00
     3     6     2     6     1     6 -0.52620742451220D+02  0.00000000000000D+00
     1     1     3     6     1     6  0.17376646241112D+01  0.00000000000000D+00
     2     1     3     6     1     6  0.00000000000000D+00  0.00000000000000D+00
     3     1     3     6     1     6  0.70705075134171D-07  0.00000000000000D+00
     1     2     3     6     1     6  0.17376646241112D+01  0.00000000000000D+00
     2     2     3     6     1     6  0.00000000000000D+00  0.00000000000000D+00
     3     2     3     6     1     6  0.14141015026834D-06  0.00000000000000D+00
     1     3     3     6     1     6  0.53761381364050D+00  0.00000000000000D+00
     2     3     3     6     1     6  0.00000000000000D+00  0.00000000000000D+00
     3     3     3     6     1     6  0.17027719917067D-07  0.00000000000000D+00
     1     4     3     6     1     6  0.53761381364050D+00  0.00000000000000D+00
     2     4     3     6     1     6  0.00000000000000D+00  0.00000000000000D+00
     3     4     3     6     1     6  0.34055439834134D-07  0.00000000000000D+00
     1     6     3     6     1     6 -0.48040997954830D+03  0.00000000000000D+00
     2     6     3     6     1     6 -0.24020498924529D+03  0.00000000000000D+00
     3     6     3     6     1     6  0.00000000000000D+00  0.00000000000000D+00
     1     6     1     1     2     6  0.90445750931516D+01  0.00000000000000D+00
     2     6     1     1     2     6  0.00000000000000D+00  0.00000000000000D+00
     3     6     1     1     2     6  0.00000000000000D+00  0.00000000000000D+00
     1     6     2     1     2     6 -0.90445750931516D+01  0.00000000000000D+00
     2     6     2     1     2     6 -0.90445750931516D+01  0.00000000000000D+00
     3     6     2     1     2     6 -0.13218984624275D+01  0.00000000000000D+00
     1     6     3     1     2     6  0.10769165846586D+02  0.00000000000000D+00
     2     6     3     1     2     6  0.21538331434071D+02  0.00000000000000D+00
     3     6     3     1     2     6 -0.33076276919926D-07  0.00000000000000D+00
     1     6     1     2     2     6 -0.90445751428909D+01  0.00000000000000D+00
     2     6     1     2     2     6  0.00000000000000D+00  0.00000000000000D+00
     3     6     1     2     2     6  0.00000000000000D+00  0.00000000000000D+00
     1     6     2     2     2     6  0.90445750931516D+01  0.00000000000000D+00
     2     6     2     2     2     6  0.90445750434124D+01  0.00000000000000D+00
     3     6     2     2     2     6 -0.13218984624275D+01  0.00000000000000D+00
     1     6     3     2     2     6  0.10769165846586D+02  0.00000000000000D+00
     2     6     3     2     2     6  0.21538331045421D+02  0.00000000000000D+00
     3     6     3     2     2     6 -0.16538138459963D-07  0.00000000000000D+00
     1     6     1     3     2     6  0.22909615318531D+01  0.00000000000000D+00
     2     6     1     3     2     6  0.00000000000000D+00  0.00000000000000D+00
     3     6     1     3     2     6  0.00000000000000D+00  0.00000000000000D+00
     1     6     2     3     2     6 -0.22909615318531D+01  0.00000000000000D+00
     2     6     2     3     2     6 -0.22909615318531D+01  0.00000000000000D+00
     3     6     2     3     2     6 -0.35864261222294D+00  0.00000000000000D+00
     1     6     3     3     2     6 -0.14336741085344D+02  0.00000000000000D+00
     2     6     3     3     2     6 -0.28673482640148D+02  0.00000000000000D+00
     3     6     3     3     2     6 -0.12144447228420D-06  0.00000000000000D+00
     1     6     1     4     2     6 -0.22909618816158D+01  0.00000000000000D+00
     2     6     1     4     2     6  0.00000000000000D+00  0.00000000000000D+00
     3     6     1     4     2     6  0.00000000000000D+00  0.00000000000000D+00
     1     6     2     4     2     6  0.22909615318531D+01  0.00000000000000D+00
     2     6     2     4     2     6  0.22909611820903D+01  0.00000000000000D+00
     3     6     2     4     2     6 -0.35864261222294D+00  0.00000000000000D+00
     1     6     3     4     2     6 -0.14336741085344D+02  0.00000000000000D+00
     2     6     3     4     2     6 -0.28673483344339D+02  0.00000000000000D+00
     3     6     3     4     2     6 -0.60722236142100D-07  0.00000000000000D+00
     1     1     1     6     2     6  0.34763006336309D+00  0.00000000000000D+00
     2     1     1     6     2     6 -0.34763036598820D+00  0.00000000000000D+00
     3     1     1     6     2     6 -0.56429530525207D+01  0.00000000000000D+00
     1     2     1     6     2     6 -0.34763055007898D+00  0.00000000000000D+00
     2     2     1     6     2     6  0.34763036598820D+00  0.00000000000000D+00
     3     2     1     6     2     6 -0.56429530525207D+01  0.00000000000000D+00
     1     3     1     6     2     6 -0.93471162510770D+01  0.00000000000000D+00
     2     3     1     6     2     6  0.93471163155877D+01  0.00000000000000D+00
     3     3     1     6     2     6  0.83699197593911D+01  0.00000000000000D+00
     1     4     1     6     2     6  0.93471163726372D+01  0.00000000000000D+00
     2     4     1     6     2     6 -0.93471163155877D+01  0.00000000000000D+00
     3     4     1     6     2     6  0.83699197593911D+01  0.00000000000000D+00
     1     6     1     6     2     6  0.00000000000000D+00  0.00000000000000D+00
     2     6     1     6     2     6  0.00000000000000D+00  0.00000000000000D+00
     3     6     1     6     2     6 -0.52620743235534D+02  0.00000000000000D+00
     1     1     2     6     2     6  0.00000000000000D+00  0.00000000000000D+00
     2     1     2     6     2     6 -0.34763066861330D+00  0.00000000000000D+00
     3     1     2     6     2     6 -0.11285906006469D+02  0.00000000000000D+00
     1     2     2     6     2     6  0.00000000000000D+00  0.00000000000000D+00
     2     2     2     6     2     6  0.34763018189741D+00  0.00000000000000D+00
     3     2     2     6     2     6 -0.11285905858610D+02  0.00000000000000D+00
     1     3     2     6     2     6  0.00000000000000D+00  0.00000000000000D+00
     2     3     2     6     2     6  0.93471163800984D+01  0.00000000000000D+00
     3     3     2     6     2     6  0.16739839343154D+02  0.00000000000000D+00
     1     4     2     6     2     6  0.00000000000000D+00  0.00000000000000D+00
     2     4     2     6     2     6 -0.93471162585382D+01  0.00000000000000D+00
     3     4     2     6     2     6  0.16739839079713D+02  0.00000000000000D+00
     1     6     2     6     2     6  0.00000000000000D+00  0.00000000000000D+00
     2     6     2     6     2     6  0.00000000000000D+00  0.00000000000000D+00
     3     6     2     6     2     6 -0.10524148604585D+03  0.00000000000000D+00
     1     1     3     6     2     6  0.00000000000000D+00  0.00000000000000D+00
     2     1     3     6     2     6  0.17376646241112D+01  0.00000000000000D+00
     3     1     3     6     2     6  0.14141015026834D-06  0.00000000000000D+00
     1     2     3     6     2     6  0.00000000000000D+00  0.00000000000000D+00
     2     2     3     6     2     6  0.17376646241112D+01  0.00000000000000D+00
     3     2     3     6     2     6  0.70705075134171D-07  0.00000000000000D+00
     1     3     3     6     2     6  0.00000000000000D+00  0.00000000000000D+00
     2     3     3     6     2     6  0.53761381364050D+00  0.00000000000000D+00
     3     3     3     6     2     6  0.34055439834134D-07  0.00000000000000D+00
     1     4     3     6     2     6  0.00000000000000D+00  0.00000000000000D+00
     2     4     3     6     2     6  0.53761381364050D+00  0.00000000000000D+00
     3     4     3     6     2     6  0.17027719917067D-07  0.00000000000000D+00
     1     6     3     6     2     6 -0.24020498924529D+03  0.00000000000000D+00
     2     6     3     6     2     6 -0.48040998166377D+03  0.00000000000000D+00
     3     6     3     6     2     6  0.00000000000000D+00  0.00000000000000D+00
     1     6     1     1     3     6 -0.13218984624275D+01  0.00000000000000D+00
     2     6     1     1     3     6  0.00000000000000D+00  0.00000000000000D+00
     3     6     1     1     3     6  0.00000000000000D+00  0.00000000000000D+00
     1     6     2     1     3     6  0.00000000000000D+00  0.00000000000000D+00
     2     6     2     1     3     6 -0.13218984624275D+01  0.00000000000000D+00
     3     6     2     1     3     6  0.00000000000000D+00  0.00000000000000D+00
     1     6     3     1     3     6 -0.16538138459963D-07  0.00000000000000D+00
     2     6     3     1     3     6 -0.33076276919926D-07  0.00000000000000D+00
     3     6     3     1     3     6  0.23879928316285D+01  0.00000000000000D+00
     1     6     1     2     3     6 -0.13218984624275D+01  0.00000000000000D+00
     2     6     1     2     3     6  0.00000000000000D+00  0.00000000000000D+00
     3     6     1     2     3     6  0.00000000000000D+00  0.00000000000000D+00
     1     6     2     2     3     6  0.00000000000000D+00  0.00000000000000D+00
     2     6     2     2     3     6 -0.13218984624275D+01  0.00000000000000D+00
     3     6     2     2     3     6  0.00000000000000D+00  0.00000000000000D+00
     1     6     3     2     3     6 -0.33076276919926D-07  0.00000000000000D+00
     2     6     3     2     3     6 -0.16538138459963D-07  0.00000000000000D+00
     3     6     3     2     3     6  0.23879928316285D+01  0.00000000000000D+00
     1     6     1     3     3     6 -0.35864261222294D+00  0.00000000000000D+00
     2     6     1     3     3     6  0.00000000000000D+00  0.00000000000000D+00
     3     6     1     3     3     6  0.00000000000000D+00  0.00000000000000D+00
     1     6     2     3     3     6  0.00000000000000D+00  0.00000000000000D+00
     2     6     2     3     3     6 -0.35864261222294D+00  0.00000000000000D+00
     3     6     2     3     3     6  0.00000000000000D+00  0.00000000000000D+00
     1     6     3     3     3     6 -0.60722236142100D-07  0.00000000000000D+00
     2     6     3     3     3     6 -0.12144447228420D-06  0.00000000000000D+00
     3     6     3     3     3     6  0.12473734111900D+01  0.00000000000000D+00
     1     6     1     4     3     6 -0.35864261222294D+00  0.00000000000000D+00
     2     6     1     4     3     6  0.00000000000000D+00  0.00000000000000D+00
     3     6     1     4     3     6  0.00000000000000D+00  0.00000000000000D+00
     1     6     2     4     3     6  0.00000000000000D+00  0.00000000000000D+00
     2     6     2     4     3     6 -0.35864261222294D+00  0.00000000000000D+00
     3     6     2     4     3     6  0.00000000000000D+00  0.00000000000000D+00
     1     6     3     4     3     6 -0.12144447228420D-06  0.00000000000000D+00
     2     6     3     4     3     6 -0.60722236142100D-07  0.00000000000000D+00
     3     6     3     4     3     6  0.12473734111900D+01  0.00000000000000D+00
     1     1     1     6     3     6  0.38849492668267D+00  0.00000000000000D+00
     2     1     1     6     3     6  0.00000000000000D+00  0.00000000000000D+00
     3     1     1     6     3     6  0.31204242700250D-07  0.00000000000000D+00
     1     2     1     6     3     6  0.38849492668267D+00  0.00000000000000D+00
     2     2     1     6     3     6  0.00000000000000D+00  0.00000000000000D+00
     3     2     1     6     3     6  0.62408485400499D-07  0.00000000000000D+00
     1     3     1     6     3     6  0.35699910421954D+00  0.00000000000000D+00
     2     3     1     6     3     6  0.00000000000000D+00  0.00000000000000D+00
     3     3     1     6     3     6 -0.11808613727790D-07  0.00000000000000D+00
     1     4     1     6     3     6  0.35699910421954D+00  0.00000000000000D+00
     2     4     1     6     3     6  0.00000000000000D+00  0.00000000000000D+00
     3     4     1     6     3     6 -0.23617227455579D-07  0.00000000000000D+00
     1     6     1     6     3     6 -0.10524148580645D+03  0.00000000000000D+00
     2     6     1     6     3     6 -0.52620743235534D+02  0.00000000000000D+00
     3     6     1     6     3     6  0.00000000000000D+00  0.00000000000000D+00
     1     1     2     6     3     6  0.00000000000000D+00  0.00000000000000D+00
     2     1     2     6     3     6  0.38849492668267D+00  0.00000000000000D+00
     3     1     2     6     3     6  0.62408485400499D-07  0.00000000000000D+00
     1     2     2     6     3     6  0.00000000000000D+00  0.00000000000000D+00
     2     2     2     6     3     6  0.38849492668267D+00  0.00000000000000D+00
     3     2     2     6     3     6  0.31204242700250D-07  0.00000000000000D+00
     1     3     2     6     3     6  0.00000000000000D+00  0.00000000000000D+00
     2     3     2     6     3     6  0.35699910421954D+00  0.00000000000000D+00
     3     3     2     6     3     6 -0.23617227455579D-07  0.00000000000000D+00
     1     4     2     6     3     6  0.00000000000000D+00  0.00000000000000D+00
     2     4     2     6     3     6  0.35699910421954D+00  0.00000000000000D+00
     3     4     2     6     3     6 -0.11808613727790D-07  0.00000000000000D+00
     1     6     2     6     3     6 -0.52620742451220D+02  0.00000000000000D+00
     2     6     2     6     3     6 -0.10524148604585D+03  0.00000000000000D+00
     3     6     2     6     3     6  0.00000000000000D+00  0.00000000000000D+00
     1     1     3     6     3     6  0.00000000000000D+00  0.00000000000000D+00
     2     1     3     6     3     6  0.00000000000000D+00  0.00000000000000D+00
     3     1     3     6     3     6  0.79116317800375D+00  0.00000000000000D+00
     1     2     3     6     3     6  0.00000000000000D+00  0.00000000000000D+00
     2     2     3     6     3     6  0.00000000000000D+00  0.00000000000000D+00
     3     2     3     6     3     6  0.79116317800375D+00  0.00000000000000D+00
     1     3     3     6     3     6  0.00000000000000D+00  0.00000000000000D+00
     2     3     3     6     3     6  0.00000000000000D+00  0.00000000000000D+00
     3     3     3     6     3     6 -0.54568852750695D+01  0.00000000000000D+00
     1     4     3     6     3     6  0.00000000000000D+00  0.00000000000000D+00
     2     4     3     6     3     6  0.00000000000000D+00  0.00000000000000D+00
     3     4     3     6     3     6 -0.54568852750695D+01  0.00000000000000D+00
     1     6     3     6     3     6  0.00000000000000D+00  0.00000000000000D+00
     2     6     3     6     3     6  0.00000000000000D+00  0.00000000000000D+00
     3     6     3     6     3     6  0.94648947024193D+02  0.00000000000000D+00
