
 **** DERIVATIVE DATABASE ****    
+DDB, Version number  20230401

  Note : temporary (transfer) database

    usepaw         0
     natom         4
      nkpt        72
    nsppol         1
      nsym        12
    ntypat         2
    occopt         1
     nband        32
     acell  0.60106439675000D+01  0.60106439676000D+01  0.97269585749000D+01
       amu  0.65390000000000D+02  0.15999400000000D+02
   dilatmx  0.10000000000000D+01
      ecut  0.40000000000000D+02
    ecutsm  0.10000000000000D+00
     intxc         0
      iscf         7
       ixc         7
       kpt  0.00000000000000D+00  0.00000000000000D+00  0.12500000000000D+00
            0.16666666666667D+00  0.00000000000000D+00  0.12500000000000D+00
            0.33333333333333D+00  0.00000000000000D+00  0.12500000000000D+00
            0.50000000000000D+00  0.00000000000000D+00  0.12500000000000D+00
           -0.33333333333333D+00  0.00000000000000D+00  0.12500000000000D+00
           -0.16666666666667D+00  0.00000000000000D+00  0.12500000000000D+00
            0.00000000000000D+00  0.16666666666667D+00  0.12500000000000D+00
            0.16666666666667D+00  0.16666666666667D+00  0.12500000000000D+00
            0.33333333333333D+00  0.16666666666667D+00  0.12500000000000D+00
            0.50000000000000D+00  0.16666666666667D+00  0.12500000000000D+00
           -0.33333333333333D+00  0.16666666666667D+00  0.12500000000000D+00
           -0.16666666666667D+00  0.16666666666667D+00  0.12500000000000D+00
            0.00000000000000D+00  0.33333333333333D+00  0.12500000000000D+00
            0.16666666666667D+00  0.33333333333333D+00  0.12500000000000D+00
            0.33333333333333D+00  0.33333333333333D+00  0.12500000000000D+00
            0.50000000000000D+00  0.33333333333333D+00  0.12500000000000D+00
           -0.33333333333333D+00  0.33333333333333D+00  0.12500000000000D+00
           -0.16666666666667D+00  0.33333333333333D+00  0.12500000000000D+00
            0.00000000000000D+00  0.50000000000000D+00  0.12500000000000D+00
            0.16666666666667D+00  0.50000000000000D+00  0.12500000000000D+00
            0.33333333333333D+00  0.50000000000000D+00  0.12500000000000D+00
            0.50000000000000D+00  0.50000000000000D+00  0.12500000000000D+00
           -0.33333333333333D+00  0.50000000000000D+00  0.12500000000000D+00
           -0.16666666666667D+00  0.50000000000000D+00  0.12500000000000D+00
            0.00000000000000D+00 -0.33333333333333D+00  0.12500000000000D+00
            0.16666666666667D+00 -0.33333333333333D+00  0.12500000000000D+00
            0.33333333333333D+00 -0.33333333333333D+00  0.12500000000000D+00
            0.50000000000000D+00 -0.33333333333333D+00  0.12500000000000D+00
           -0.33333333333333D+00 -0.33333333333333D+00  0.12500000000000D+00
           -0.16666666666667D+00 -0.33333333333333D+00  0.12500000000000D+00
            0.00000000000000D+00 -0.16666666666667D+00  0.12500000000000D+00
            0.16666666666667D+00 -0.16666666666667D+00  0.12500000000000D+00
            0.33333333333333D+00 -0.16666666666667D+00  0.12500000000000D+00
            0.50000000000000D+00 -0.16666666666667D+00  0.12500000000000D+00
           -0.33333333333333D+00 -0.16666666666667D+00  0.12500000000000D+00
           -0.16666666666667D+00 -0.16666666666667D+00  0.12500000000000D+00
            0.00000000000000D+00  0.00000000000000D+00  0.37500000000000D+00
            0.16666666666667D+00  0.00000000000000D+00  0.37500000000000D+00
            0.33333333333333D+00  0.00000000000000D+00  0.37500000000000D+00
            0.50000000000000D+00  0.00000000000000D+00  0.37500000000000D+00
           -0.33333333333333D+00  0.00000000000000D+00  0.37500000000000D+00
           -0.16666666666667D+00  0.00000000000000D+00  0.37500000000000D+00
            0.00000000000000D+00  0.16666666666667D+00  0.37500000000000D+00
            0.16666666666667D+00  0.16666666666667D+00  0.37500000000000D+00
            0.33333333333333D+00  0.16666666666667D+00  0.37500000000000D+00
            0.50000000000000D+00  0.16666666666667D+00  0.37500000000000D+00
           -0.33333333333333D+00  0.16666666666667D+00  0.37500000000000D+00
           -0.16666666666667D+00  0.16666666666667D+00  0.37500000000000D+00
            0.00000000000000D+00  0.33333333333333D+00  0.37500000000000D+00
            0.16666666666667D+00  0.33333333333333D+00  0.37500000000000D+00
            0.33333333333333D+00  0.33333333333333D+00  0.37500000000000D+00
            0.50000000000000D+00  0.33333333333333D+00  0.37500000000000D+00
           -0.33333333333333D+00  0.33333333333333D+00  0.37500000000000D+00
           -0.16666666666667D+00  0.33333333333333D+00  0.37500000000000D+00
            0.00000000000000D+00  0.50000000000000D+00  0.37500000000000D+00
            0.16666666666667D+00  0.50000000000000D+00  0.37500000000000D+00
            0.33333333333333D+00  0.50000000000000D+00  0.37500000000000D+00
            0.50000000000000D+00  0.50000000000000D+00  0.37500000000000D+00
           -0.33333333333333D+00  0.50000000000000D+00  0.37500000000000D+00
           -0.16666666666667D+00  0.50000000000000D+00  0.37500000000000D+00
            0.00000000000000D+00 -0.33333333333333D+00  0.37500000000000D+00
            0.16666666666667D+00 -0.33333333333333D+00  0.37500000000000D+00
            0.33333333333333D+00 -0.33333333333333D+00  0.37500000000000D+00
            0.50000000000000D+00 -0.33333333333333D+00  0.37500000000000D+00
           -0.33333333333333D+00 -0.33333333333333D+00  0.37500000000000D+00
           -0.16666666666667D+00 -0.33333333333333D+00  0.37500000000000D+00
            0.00000000000000D+00 -0.16666666666667D+00  0.37500000000000D+00
            0.16666666666667D+00 -0.16666666666667D+00  0.37500000000000D+00
            0.33333333333333D+00 -0.16666666666667D+00  0.37500000000000D+00
            0.50000000000000D+00 -0.16666666666667D+00  0.37500000000000D+00
           -0.33333333333333D+00 -0.16666666666667D+00  0.37500000000000D+00
           -0.16666666666667D+00 -0.16666666666667D+00  0.37500000000000D+00
    kptnrm  0.10000000000000D+01
     ngfft        36   36   60
    nspden         1
   nspinor         1
       occ  0.20000000000000D+01  0.20000000000000D+01  0.20000000000000D+01
            0.20000000000000D+01  0.20000000000000D+01  0.20000000000000D+01
            0.20000000000000D+01  0.20000000000000D+01  0.20000000000000D+01
            0.20000000000000D+01  0.20000000000000D+01  0.20000000000000D+01
            0.20000000000000D+01  0.20000000000000D+01  0.20000000000000D+01
            0.20000000000000D+01  0.20000000000000D+01  0.20000000000000D+01
            0.20000000000000D+01  0.20000000000000D+01  0.20000000000000D+01
            0.20000000000000D+01  0.20000000000000D+01  0.20000000000000D+01
            0.20000000000000D+01  0.20000000000000D+01  0.00000000000000D+00
            0.00000000000000D+00  0.00000000000000D+00  0.00000000000000D+00
            0.00000000000000D+00  0.00000000000000D+00
     rprim  0.86602540378000D+00 -0.50000000000000D+00  0.00000000000000D+00
            0.00000000000000D+00  0.10000000000000D+01  0.00000000000000D+00
            0.00000000000000D+00  0.00000000000000D+00  0.10000000000000D+01
  dfpt_sciss  0.00000000000000D+00
    spinat  0.00000000000000D+00  0.00000000000000D+00  0.00000000000000D+00
            0.00000000000000D+00  0.00000000000000D+00  0.00000000000000D+00
            0.00000000000000D+00  0.00000000000000D+00  0.00000000000000D+00
            0.00000000000000D+00  0.00000000000000D+00  0.00000000000000D+00
    symafm         1    1    1    1    1    1    1    1    1    1    1    1
    symrel         1    0    0    0    1    0    0    0    1
                   0    1    0    1    0    0    0    0    1
                   1    1    0   -1    0    0    0    0    1
                  -1    0    0    1    1    0    0    0    1
                   0    1    0   -1   -1    0    0    0    1
                  -1   -1    0    0    1    0    0    0    1
                  -1    0    0    0   -1    0    0    0    1
                   0   -1    0   -1    0    0    0    0    1
                  -1   -1    0    1    0    0    0    0    1
                   1    0    0   -1   -1    0    0    0    1
                   0   -1    0    1    1    0    0    0    1
                   1    1    0    0   -1    0    0    0    1
     tnons  0.00000000000000D+00  0.00000000000000D+00  0.00000000000000D+00
            0.22204460492503D-15 -0.11102230246252D-15  0.50000000000000D+00
            0.22204460492503D-15 -0.11102230246252D-15  0.50000000000000D+00
            0.00000000000000D+00  0.00000000000000D+00  0.00000000000000D+00
            0.00000000000000D+00  0.00000000000000D+00  0.00000000000000D+00
            0.22204460492503D-15 -0.11102230246252D-15  0.50000000000000D+00
            0.22204460492503D-15 -0.22204460492503D-15  0.50000000000000D+00
            0.00000000000000D+00  0.00000000000000D+00  0.00000000000000D+00
            0.00000000000000D+00  0.00000000000000D+00  0.00000000000000D+00
            0.22204460492503D-15 -0.22204460492503D-15  0.50000000000000D+00
            0.22204460492503D-15 -0.11102230246252D-15  0.50000000000000D+00
            0.00000000000000D+00  0.00000000000000D+00  0.00000000000000D+00
    tolwfr  0.10000000000000D+01
   tphysel  0.00000000000000D+00
    tsmear  0.10000000000000D-01
     typat         1    1    2    2
       wtk  0.13888888888889D-01  0.13888888888889D-01  0.13888888888889D-01
            0.13888888888889D-01  0.13888888888889D-01  0.13888888888889D-01
            0.13888888888889D-01  0.13888888888889D-01  0.13888888888889D-01
            0.13888888888889D-01  0.13888888888889D-01  0.13888888888889D-01
            0.13888888888889D-01  0.13888888888889D-01  0.13888888888889D-01
            0.13888888888889D-01  0.13888888888889D-01  0.13888888888889D-01
            0.13888888888889D-01  0.13888888888889D-01  0.13888888888889D-01
            0.13888888888889D-01  0.13888888888889D-01  0.13888888888889D-01
            0.13888888888889D-01  0.13888888888889D-01  0.13888888888889D-01
            0.13888888888889D-01  0.13888888888889D-01  0.13888888888889D-01
            0.13888888888889D-01  0.13888888888889D-01  0.13888888888889D-01
            0.13888888888889D-01  0.13888888888889D-01  0.13888888888889D-01
            0.13888888888889D-01  0.13888888888889D-01  0.13888888888889D-01
            0.13888888888889D-01  0.13888888888889D-01  0.13888888888889D-01
            0.13888888888889D-01  0.13888888888889D-01  0.13888888888889D-01
            0.13888888888889D-01  0.13888888888889D-01  0.13888888888889D-01
            0.13888888888889D-01  0.13888888888889D-01  0.13888888888889D-01
            0.13888888888889D-01  0.13888888888889D-01  0.13888888888889D-01
            0.13888888888889D-01  0.13888888888889D-01  0.13888888888889D-01
            0.13888888888889D-01  0.13888888888889D-01  0.13888888888889D-01
            0.13888888888889D-01  0.13888888888889D-01  0.13888888888889D-01
            0.13888888888889D-01  0.13888888888889D-01  0.13888888888889D-01
            0.13888888888889D-01  0.13888888888889D-01  0.13888888888889D-01
            0.13888888888889D-01  0.13888888888889D-01  0.13888888888889D-01
      xred  0.33333333333333D+00  0.66666666666667D+00  0.22137450700000D-02
            0.66666666666667D+00  0.33333333333333D+00  0.50221374507000D+00
            0.33333333333333D+00  0.66666666666667D+00  0.38028625493150D+00
            0.66666666666667D+00  0.33333333333333D+00  0.88028625493150D+00
     znucl  0.30000000000000D+02  0.80000000000000D+01
      zion  0.20000000000000D+02  0.60000000000000D+01
 
  Description of the potentials (KB energies)
  vrsio8 (for pseudopotentials)=100401
  usepaw =  0
  dimekb =  6       lmnmax=  6
  Atom type=    1   pspso=  0   nekb=   6
  iln lpsang iproj  ekb(:)
     1     0     1     2.8276426E+00  0.0000000E+00  0.0000000E+00  0.0000000E+00
                       0.0000000E+00  0.0000000E+00
     2     0     2     0.0000000E+00 -1.5327635E+00  0.0000000E+00  0.0000000E+00
                       0.0000000E+00  0.0000000E+00
     3     1     1     0.0000000E+00  0.0000000E+00 -4.6325269E+00  0.0000000E+00
                       0.0000000E+00  0.0000000E+00
     4     1     2     0.0000000E+00  0.0000000E+00  0.0000000E+00 -1.3248759E+00
                       0.0000000E+00  0.0000000E+00
     5     2     1     0.0000000E+00  0.0000000E+00  0.0000000E+00  0.0000000E+00
                      -6.9435200E+00  0.0000000E+00
     6     2     2     0.0000000E+00  0.0000000E+00  0.0000000E+00  0.0000000E+00
                      -6.9435200E+00  0.0000000E+00
  Atom type=    2   pspso=  0   nekb=   5
  iln lpsang iproj  ekb(:)
     1     0     1     6.0567355E+00  0.0000000E+00  0.0000000E+00  0.0000000E+00
                       0.0000000E+00
     2     0     2     0.0000000E+00  8.2402410E-01  0.0000000E+00  0.0000000E+00
                       0.0000000E+00
     3     1     1     0.0000000E+00  0.0000000E+00 -4.7171296E+00  0.0000000E+00
                       0.0000000E+00
     4     1     2     0.0000000E+00  0.0000000E+00  0.0000000E+00 -1.1492707E+00
                       0.0000000E+00
     5     2     1     0.0000000E+00  0.0000000E+00  0.0000000E+00  0.0000000E+00
                      -1.3319550E+00
 
 **** Database of total energy derivatives ****
 Number of data blocks=    1
  
 3rd derivatives              - # elements :         351
 qpt  0.00000000E+00  0.00000000E+00  0.00000000E+00   1.0
      0.00000000E+00  0.00000000E+00  0.00000000E+00   1.0
      0.00000000E+00  0.00000000E+00  0.00000000E+00   1.0
     1     6     1     6     1     1  0.45216551937218D+01  0.71657528137796D+00
     2     6     1     6     1     1  0.45216096754907D+01  0.71646789199926D+00
     3     6     1     6     1     1  0.36453057900737D+01 -0.63420471523537D+02
     1     6     2     6     1     1  0.45216464572024D+01  0.71666260504662D+00
     2     6     2     6     1     1  0.00000000000000D+00  0.00000000000000D+00
     3     6     2     6     1     1  0.00000000000000D+00  0.00000000000000D+00
     1     6     3     6     1     1  0.11076702788801D+02 -0.12208364998437D+03
     2     6     3     6     1     1  0.00000000000000D+00  0.00000000000000D+00
     3     6     3     6     1     1  0.00000000000000D+00  0.00000000000000D+00
     1     6     1     6     2     1  0.00000000000000D+00  0.00000000000000D+00
     2     6     1     6     2     1 -0.45216184120101D+01 -0.71638056833061D+00
     3     6     1     6     2     1  0.00000000000000D+00  0.00000000000000D+00
     1     6     2     6     2     1 -0.45216096754907D+01 -0.71646789199926D+00
     2     6     2     6     2     1 -0.45215728937790D+01 -0.71627317895191D+00
     3     6     2     6     2     1  0.36453057900737D+01 -0.63420471523537D+02
     1     6     3     6     2     1  0.00000000000000D+00  0.00000000000000D+00
     2     6     3     6     2     1  0.11076702788801D+02 -0.12208364998437D+03
     3     6     3     6     2     1  0.00000000000000D+00  0.00000000000000D+00
     1     6     1     6     3     1 -0.36784592015630D+02 -0.10148922728003D+03
     2     6     1     6     3     1 -0.18392237214605D+02 -0.50744629742497D+02
     3     6     1     6     3     1  0.47481393968613D-03 -0.20512245798010D-03
     1     6     2     6     3     1 -0.18392237214605D+02 -0.50744629742497D+02
     2     6     2     6     3     1 -0.36784709602051D+02 -0.10148919507506D+03
     3     6     2     6     3     1  0.94962787937225D-03 -0.41024491596019D-03
     1     6     3     6     3     1  0.29416222766261D-03 -0.13526975494618D-03
     2     6     3     6     3     1  0.58832445532523D-03 -0.27053950989237D-03
     3     6     3     6     3     1 -0.16182271582554D+02 -0.67545372370006D+02
     1     6     1     6     1     2 -0.45215728937790D+01 -0.71627317895191D+00
     2     6     1     6     1     2 -0.45216096754907D+01 -0.71646789199926D+00
     3     6     1     6     1     2  0.36453057900737D+01 -0.63420471523537D+02
     1     6     2     6     1     2 -0.45215641572596D+01 -0.71636050262057D+00
     2     6     2     6     1     2  0.00000000000000D+00  0.00000000000000D+00
     3     6     2     6     1     2  0.00000000000000D+00  0.00000000000000D+00
     1     6     3     6     1     2  0.11076702788801D+02 -0.12208364998437D+03
     2     6     3     6     1     2  0.00000000000000D+00  0.00000000000000D+00
     3     6     3     6     1     2  0.00000000000000D+00  0.00000000000000D+00
     1     6     1     6     2     2  0.00000000000000D+00  0.00000000000000D+00
     2     6     1     6     2     2  0.45216464572024D+01  0.71666260504662D+00
     3     6     1     6     2     2  0.00000000000000D+00  0.00000000000000D+00
     1     6     2     6     2     2  0.45216096754907D+01  0.71646789199926D+00
     2     6     2     6     2     2  0.45216551937218D+01  0.71657528137796D+00
     3     6     2     6     2     2  0.36453057900737D+01 -0.63420471523537D+02
     1     6     3     6     2     2  0.00000000000000D+00  0.00000000000000D+00
     2     6     3     6     2     2  0.11076702788801D+02 -0.12208364998437D+03
     3     6     3     6     2     2  0.00000000000000D+00  0.00000000000000D+00
     1     6     1     6     3     2 -0.36784709602051D+02 -0.10148919507506D+03
     2     6     1     6     3     2 -0.18392237214605D+02 -0.50744629742497D+02
     3     6     1     6     3     2  0.94962787937225D-03 -0.41024491596019D-03
     1     6     2     6     3     2 -0.18392237214605D+02 -0.50744629742497D+02
     2     6     2     6     3     2 -0.36785062361314D+02 -0.10148909846017D+03
     3     6     2     6     3     2  0.47481393968613D-03 -0.20512245798010D-03
     1     6     3     6     3     2  0.58832445532523D-03 -0.27053950989237D-03
     2     6     3     6     3     2  0.29416222766261D-03 -0.13526975494618D-03
     3     6     3     6     3     2 -0.16182271582554D+02 -0.67545372370006D+02
     1     6     1     6     1     3  0.21934701835784D+01  0.13187089568801D+01
     2     6     1     6     1     3  0.21936480860425D+01  0.13185118259944D+01
     3     6     1     6     1     3  0.44687200820771D-01  0.96572673818343D+02
     1     6     2     6     1     3  0.21935131530619D+01  0.13183573480896D+01
     2     6     2     6     1     3  0.00000000000000D+00  0.00000000000000D+00
     3     6     2     6     1     3  0.00000000000000D+00  0.00000000000000D+00
     1     6     3     6     1     3 -0.91184170093828D+01  0.18573224492487D+03
     2     6     3     6     1     3  0.00000000000000D+00  0.00000000000000D+00
     3     6     3     6     1     3  0.00000000000000D+00  0.00000000000000D+00
     1     6     1     6     2     3  0.00000000000000D+00  0.00000000000000D+00
     2     6     1     6     2     3 -0.21936051165589D+01 -0.13188634347849D+01
     3     6     1     6     2     3  0.00000000000000D+00  0.00000000000000D+00
     1     6     2     6     2     3 -0.21936480860425D+01 -0.13185118259944D+01
     2     6     2     6     2     3 -0.21937830190230D+01 -0.13186663038992D+01
     3     6     2     6     2     3  0.44687200820771D-01  0.96572673818343D+02
     1     6     3     6     2     3  0.00000000000000D+00  0.00000000000000D+00
     2     6     3     6     2     3 -0.91184170093828D+01  0.18573224492487D+03
     3     6     3     6     2     3  0.00000000000000D+00  0.00000000000000D+00
     1     6     1     6     3     3  0.26773919147931D+02  0.11490576800791D+03
     2     6     1     6     3     3  0.13386757151860D+02  0.57453261398179D+02
     3     6     1     6     3     3 -0.11566788502503D-02 -0.56067773529706D-03
     1     6     2     6     3     3  0.13386757151860D+02  0.57453261398179D+02
     2     6     2     6     3     3  0.26774323992141D+02  0.11490501321946D+03
     3     6     2     6     3     3 -0.23133577005007D-02 -0.11213554705941D-02
     1     6     3     6     3     3 -0.12638998536627D-02 -0.16128624576351D-03
     2     6     3     6     3     3 -0.25277997073254D-02 -0.32257249152702D-03
     3     6     3     6     3     3  0.14763297588887D+02  0.74009524546721D+02
     1     6     1     6     1     4 -0.21937830190230D+01 -0.13186663038992D+01
     2     6     1     6     1     4 -0.21936480860425D+01 -0.13185118259944D+01
     3     6     1     6     1     4  0.44687200820771D-01  0.96572673818343D+02
     1     6     2     6     1     4 -0.21938259885066D+01 -0.13183146951087D+01
     2     6     2     6     1     4  0.00000000000000D+00  0.00000000000000D+00
     3     6     2     6     1     4  0.00000000000000D+00  0.00000000000000D+00
     1     6     3     6     1     4 -0.91184170093828D+01  0.18573224492487D+03
     2     6     3     6     1     4  0.00000000000000D+00  0.00000000000000D+00
     3     6     3     6     1     4  0.00000000000000D+00  0.00000000000000D+00
     1     6     1     6     2     4  0.00000000000000D+00  0.00000000000000D+00
     2     6     1     6     2     4  0.21935131530619D+01  0.13183573480896D+01
     3     6     1     6     2     4  0.00000000000000D+00  0.00000000000000D+00
     1     6     2     6     2     4  0.21936480860425D+01  0.13185118259944D+01
     2     6     2     6     2     4  0.21934701835784D+01  0.13187089568801D+01
     3     6     2     6     2     4  0.44687200820771D-01  0.96572673818343D+02
     1     6     3     6     2     4  0.00000000000000D+00  0.00000000000000D+00
     2     6     3     6     2     4 -0.91184170093828D+01  0.18573224492487D+03
     3     6     3     6     2     4  0.00000000000000D+00  0.00000000000000D+00
     1     6     1     6     3     4  0.26774323992141D+02  0.11490501321946D+03
     2     6     1     6     3     4  0.13386757151860D+02  0.57453261398179D+02
     3     6     1     6     3     4 -0.23133577005007D-02 -0.11213554705941D-02
     1     6     2     6     3     4  0.13386757151860D+02  0.57453261398179D+02
     2     6     2     6     3     4  0.26775538524771D+02  0.11490274885412D+03
     3     6     2     6     3     4 -0.11566788502503D-02 -0.56067773529706D-03
     1     6     3     6     3     4 -0.25277997073254D-02 -0.32257249152702D-03
     2     6     3     6     3     4 -0.12638998536627D-02 -0.16128624576351D-03
     3     6     3     6     3     4  0.14763297588887D+02  0.74009524546721D+02
     1     6     1     1     1     6  0.90443592995136D+01 -0.12233104096170D-11
     2     6     1     1     1     6  0.90443954141375D+01 -0.35700937321054D-04
     3     6     1     1     1     6 -0.13220502946593D+01 -0.18216851719438D+01
     1     6     2     1     1     6  0.00000000000000D+00  0.00000000000000D+00
     2     6     2     1     1     6 -0.90443592995136D+01  0.12233104069656D-11
     3     6     2     1     1     6  0.00000000000000D+00  0.00000000000000D+00
     1     6     3     1     1     6  0.21538902999308D+02 -0.31454464412334D-12
     2     6     3     1     1     6  0.10769424464102D+02  0.33278239024465D-04
     3     6     3     1     1     6 -0.69516217356059D-04  0.81404224797993D-04
     1     6     1     2     1     6 -0.90443954141375D+01  0.35700937321054D-04
     2     6     1     2     1     6 -0.90443954141375D+01  0.35700937321054D-04
     3     6     1     2     1     6 -0.13220502946593D+01 -0.18216851719438D+01
     1     6     2     2     1     6  0.00000000000000D+00  0.00000000000000D+00
     2     6     2     2     1     6  0.90443954141375D+01 -0.35700937321054D-04
     3     6     2     2     1     6  0.00000000000000D+00  0.00000000000000D+00
     1     6     3     2     1     6  0.21538957070413D+02 -0.66556478678018D-04
     2     6     3     2     1     6  0.10769424464102D+02  0.33278239024465D-04
     3     6     3     2     1     6 -0.13903243471212D-03  0.16280844959599D-03
     1     6     1     3     1     6  0.22908048357296D+01 -0.97898874182438D-12
     2     6     1     3     1     6  0.22908116987339D+01  0.45765290819622D-04
     3     6     1     3     1     6 -0.35874511261150D+00 -0.26185885443391D+01
     1     6     2     3     1     6  0.00000000000000D+00  0.00000000000000D+00
     2     6     2     3     1     6 -0.22908048357296D+01  0.97898874066010D-12
     3     6     2     3     1     6  0.00000000000000D+00  0.00000000000000D+00
     1     6     3     3     1     6 -0.28673624378845D+02  0.61666133116473D-12
     2     6     3     3     1     6 -0.14336739608038D+02  0.69037219450133D-05
     3     6     3     3     1     6  0.63062306465547D-03 -0.26671372210445D-03
     1     6     1     4     1     6 -0.22908116987339D+01 -0.45765290819622D-04
     2     6     1     4     1     6 -0.22908116987339D+01 -0.45765290819622D-04
     3     6     1     4     1     6 -0.35874511261150D+00 -0.26185885443391D+01
     1     6     2     4     1     6  0.00000000000000D+00  0.00000000000000D+00
     2     6     2     4     1     6  0.22908116987339D+01  0.45765290819622D-04
     3     6     2     4     1     6  0.00000000000000D+00  0.00000000000000D+00
     1     6     3     4     1     6 -0.28673769541614D+02 -0.13807442656704D-04
     2     6     3     4     1     6 -0.14336739608038D+02  0.69037219450133D-05
     3     6     3     4     1     6  0.12612461293109D-02 -0.53342744420889D-03
     1     1     1     6     1     6  0.45216551937218D+01  0.71657528137796D+00
     2     1     1     6     1     6  0.00000000000000D+00  0.00000000000000D+00
     3     1     1     6     1     6 -0.36784592015630D+02 -0.10148922728003D+03
     1     2     1     6     1     6 -0.45216832389141D+01 -0.71685731809397D+00
     2     2     1     6     1     6  0.00000000000000D+00  0.00000000000000D+00
     3     2     1     6     1     6 -0.36784709602051D+02 -0.10148919507506D+03
     1     3     1     6     1     6  0.21934701835784D+01  0.13187089568801D+01
     2     3     1     6     1     6  0.00000000000000D+00  0.00000000000000D+00
     3     3     1     6     1     6  0.26773919147931D+02  0.11490576800791D+03
     1     4     1     6     1     6 -0.21933782200814D+01 -0.13182028701847D+01
     2     4     1     6     1     6  0.00000000000000D+00  0.00000000000000D+00
     3     4     1     6     1     6  0.26774323992141D+02  0.11490501321946D+03
     1     6     1     6     1     6  0.00000000000000D+00  0.00000000000000D+00
     2     6     1     6     1     6  0.00000000000000D+00  0.00000000000000D+00
     3     6     1     6     1     6 -0.75890611655752D+03 -0.59630674750488D+04
     1     1     2     6     1     6  0.45216464572024D+01  0.71666260504662D+00
     2     1     2     6     1     6 -0.45216919754335D+01 -0.71676999442531D+00
     3     1     2     6     1     6 -0.18392237214605D+02 -0.50744629742497D+02
     1     2     2     6     1     6 -0.45216464572024D+01 -0.71666260504662D+00
     2     2     2     6     1     6  0.45216096754907D+01  0.71646789199926D+00
     3     2     2     6     1     6 -0.18392237214605D+02 -0.50744629742497D+02
     1     3     2     6     1     6  0.21935131530619D+01  0.13183573480896D+01
     2     3     2     6     1     6 -0.21933352505978D+01 -0.13185544789753D+01
     3     3     2     6     1     6  0.13386757151860D+02  0.57453261398179D+02
     1     4     2     6     1     6 -0.21935131530619D+01 -0.13183573480896D+01
     2     4     2     6     1     6  0.21936480860425D+01  0.13185118259944D+01
     3     4     2     6     1     6  0.13386757151860D+02  0.57453261398179D+02
     1     6     2     6     1     6  0.00000000000000D+00  0.00000000000000D+00
     2     6     2     6     1     6  0.00000000000000D+00  0.00000000000000D+00
     3     6     2     6     1     6 -0.37945341745805D+03 -0.29815337042245D+04
     1     1     3     6     1     6  0.11076702788801D+02 -0.12208364998437D+03
     2     1     3     6     1     6  0.00000000000000D+00  0.00000000000000D+00
     3     1     3     6     1     6  0.29416222766261D-03 -0.13526975494618D-03
     1     2     3     6     1     6  0.11076702788801D+02 -0.12208364998437D+03
     2     2     3     6     1     6  0.00000000000000D+00  0.00000000000000D+00
     3     2     3     6     1     6  0.58832445532523D-03 -0.27053950989237D-03
     1     3     3     6     1     6 -0.91184170093828D+01  0.18573224492487D+03
     2     3     3     6     1     6  0.00000000000000D+00  0.00000000000000D+00
     3     3     3     6     1     6 -0.12638998536627D-02 -0.16128624576351D-03
     1     4     3     6     1     6 -0.91184170093828D+01  0.18573224492487D+03
     2     4     3     6     1     6  0.00000000000000D+00  0.00000000000000D+00
     3     4     3     6     1     6 -0.25277997073254D-02 -0.32257249152702D-03
     1     6     3     6     1     6 -0.64412843451826D+03 -0.10687772240242D+05
     2     6     3     6     1     6 -0.32206474623543D+03 -0.53438860788478D+04
     3     6     3     6     1     6  0.00000000000000D+00  0.00000000000000D+00
     1     6     1     1     2     6  0.90443954141375D+01 -0.35700937321054D-04
     2     6     1     1     2     6  0.00000000000000D+00  0.00000000000000D+00
     3     6     1     1     2     6  0.00000000000000D+00  0.00000000000000D+00
     1     6     2     1     2     6 -0.90443954141375D+01  0.35700937321054D-04
     2     6     2     1     2     6 -0.90443954141375D+01  0.35700937321054D-04
     3     6     2     1     2     6 -0.13220502946593D+01 -0.18216851719438D+01
     1     6     3     1     2     6  0.10769424464102D+02  0.33278239024465D-04
     2     6     3     1     2     6  0.21538957070413D+02 -0.66556478678018D-04
     3     6     3     1     2     6 -0.13903243471212D-03  0.16280844959599D-03
     1     6     1     2     2     6 -0.90444315287613D+01  0.71401873418797D-04
     2     6     1     2     2     6  0.00000000000000D+00  0.00000000000000D+00
     3     6     1     2     2     6  0.00000000000000D+00  0.00000000000000D+00
     1     6     2     2     2     6  0.90443954141375D+01 -0.35700937321054D-04
     2     6     2     2     2     6  0.90443592995136D+01 -0.12233104069656D-11
     3     6     2     2     2     6 -0.13220502946593D+01 -0.18216851719438D+01
     1     6     3     2     2     6  0.10769424464102D+02  0.33278239024465D-04
     2     6     3     2     2     6  0.21539119283725D+02 -0.26622591376844D-03
     3     6     3     2     2     6 -0.69516217356059D-04  0.81404224797993D-04
     1     6     1     3     2     6  0.22908116987339D+01  0.45765290819622D-04
     2     6     1     3     2     6  0.00000000000000D+00  0.00000000000000D+00
     3     6     1     3     2     6  0.00000000000000D+00  0.00000000000000D+00
     1     6     2     3     2     6 -0.22908116987339D+01 -0.45765290819622D-04
     2     6     2     3     2     6 -0.22908116987339D+01 -0.45765290819622D-04
     3     6     2     3     2     6 -0.35874511261150D+00 -0.26185885443391D+01
     1     6     3     3     2     6 -0.14336739608038D+02  0.69037219450133D-05
     2     6     3     3     2     6 -0.28673769541614D+02 -0.13807442656704D-04
     3     6     3     3     2     6  0.12612461293109D-02 -0.53342744420889D-03
     1     6     1     4     2     6 -0.22908185617383D+01 -0.91530582618232D-04
     2     6     1     4     2     6  0.00000000000000D+00  0.00000000000000D+00
     3     6     1     4     2     6  0.00000000000000D+00  0.00000000000000D+00
     1     6     2     4     2     6  0.22908116987339D+01  0.45765290819622D-04
     2     6     2     4     2     6  0.22908048357296D+01 -0.97898874066010D-12
     3     6     2     4     2     6 -0.35874511261150D+00 -0.26185885443391D+01
     1     6     3     4     2     6 -0.14336739608038D+02  0.69037219450133D-05
     2     6     3     4     2     6 -0.28674205029922D+02 -0.55229772476799D-04
     3     6     3     4     2     6  0.63062306465547D-03 -0.26671372210445D-03
     1     1     1     6     2     6  0.45216096754907D+01  0.71646789199926D+00
     2     1     1     6     2     6 -0.45216464572024D+01 -0.71666260504662D+00
     3     1     1     6     2     6 -0.18392237214605D+02 -0.50744629742497D+02
     1     2     1     6     2     6 -0.45216377206829D+01 -0.71674992871527D+00
     2     2     1     6     2     6  0.45216464572024D+01  0.71666260504662D+00
     3     2     1     6     2     6 -0.18392237214605D+02 -0.50744629742497D+02
     1     3     1     6     2     6  0.21936480860425D+01  0.13185118259944D+01
     2     3     1     6     2     6 -0.21935131530619D+01 -0.13183573480896D+01
     3     3     1     6     2     6  0.13386757151860D+02  0.57453261398179D+02
     1     4     1     6     2     6 -0.21935561225455D+01 -0.13180057392990D+01
     2     4     1     6     2     6  0.21935131530619D+01  0.13183573480896D+01
     3     4     1     6     2     6  0.13386757151860D+02  0.57453261398179D+02
     1     6     1     6     2     6  0.00000000000000D+00  0.00000000000000D+00
     2     6     1     6     2     6  0.00000000000000D+00  0.00000000000000D+00
     3     6     1     6     2     6  0.79695043860538D+02 -0.25749056406807D+03
     1     1     2     6     2     6  0.00000000000000D+00  0.00000000000000D+00
     2     1     2     6     2     6 -0.45216832389141D+01 -0.71685731809397D+00
     3     1     2     6     2     6 -0.36784709602051D+02 -0.10148919507506D+03
     1     2     2     6     2     6  0.00000000000000D+00  0.00000000000000D+00
     2     2     2     6     2     6  0.45216551937218D+01  0.71657528137796D+00
     3     2     2     6     2     6 -0.36785062361314D+02 -0.10148909846017D+03
     1     3     2     6     2     6  0.00000000000000D+00  0.00000000000000D+00
     2     3     2     6     2     6 -0.21933782200814D+01 -0.13182028701847D+01
     3     3     2     6     2     6  0.26774323992141D+02  0.11490501321946D+03
     1     4     2     6     2     6  0.00000000000000D+00  0.00000000000000D+00
     2     4     2     6     2     6  0.21934701835784D+01  0.13187089568801D+01
     3     4     2     6     2     6  0.26775538524771D+02  0.11490274885412D+03
     1     6     2     6     2     6  0.00000000000000D+00  0.00000000000000D+00
     2     6     2     6     2     6  0.00000000000000D+00  0.00000000000000D+00
     3     6     2     6     2     6 -0.16772016024775D+04 -0.11411153888561D+05
     1     1     3     6     2     6  0.00000000000000D+00  0.00000000000000D+00
     2     1     3     6     2     6  0.11076702788801D+02 -0.12208364998437D+03
     3     1     3     6     2     6  0.58832445532523D-03 -0.27053950989237D-03
     1     2     3     6     2     6  0.00000000000000D+00  0.00000000000000D+00
     2     2     3     6     2     6  0.11076702788801D+02 -0.12208364998437D+03
     3     2     3     6     2     6  0.29416222766261D-03 -0.13526975494618D-03
     1     3     3     6     2     6  0.00000000000000D+00  0.00000000000000D+00
     2     3     3     6     2     6 -0.91184170093828D+01  0.18573224492487D+03
     3     3     3     6     2     6 -0.25277997073254D-02 -0.32257249152702D-03
     1     4     3     6     2     6  0.00000000000000D+00  0.00000000000000D+00
     2     4     3     6     2     6 -0.91184170093828D+01  0.18573224492487D+03
     3     4     3     6     2     6 -0.12638998536627D-02 -0.16128624576351D-03
     1     6     3     6     2     6 -0.32206474623543D+03 -0.53438860788478D+04
     2     6     3     6     2     6 -0.64412631861305D+03 -0.10687772405336D+05
     3     6     3     6     2     6  0.00000000000000D+00  0.00000000000000D+00
     1     6     1     1     3     6 -0.13220502946593D+01 -0.18216851719438D+01
     2     6     1     1     3     6  0.00000000000000D+00  0.00000000000000D+00
     3     6     1     1     3     6  0.00000000000000D+00  0.00000000000000D+00
     1     6     2     1     3     6  0.00000000000000D+00  0.00000000000000D+00
     2     6     2     1     3     6 -0.13220502946593D+01 -0.18216851719438D+01
     3     6     2     1     3     6  0.00000000000000D+00  0.00000000000000D+00
     1     6     3     1     3     6 -0.69516217356059D-04  0.81404224797993D-04
     2     6     3     1     3     6 -0.13903243471212D-03  0.16280844959599D-03
     3     6     3     1     3     6  0.23882626261398D+01 -0.22168535471792D-13
     1     6     1     2     3     6 -0.13220502946593D+01 -0.18216851719438D+01
     2     6     1     2     3     6  0.00000000000000D+00  0.00000000000000D+00
     3     6     1     2     3     6  0.00000000000000D+00  0.00000000000000D+00
     1     6     2     2     3     6  0.00000000000000D+00  0.00000000000000D+00
     2     6     2     2     3     6 -0.13220502946593D+01 -0.18216851719438D+01
     3     6     2     2     3     6  0.00000000000000D+00  0.00000000000000D+00
     1     6     3     2     3     6 -0.13903243471212D-03  0.16280844959599D-03
     2     6     3     2     3     6 -0.69516217356059D-04  0.81404224797993D-04
     3     6     3     2     3     6  0.23882626261398D+01 -0.22168535471792D-13
     1     6     1     3     3     6 -0.35874511261150D+00 -0.26185885443391D+01
     2     6     1     3     3     6  0.00000000000000D+00  0.00000000000000D+00
     3     6     1     3     3     6  0.00000000000000D+00  0.00000000000000D+00
     1     6     2     3     3     6  0.00000000000000D+00  0.00000000000000D+00
     2     6     2     3     3     6 -0.35874511261150D+00 -0.26185885443391D+01
     3     6     2     3     3     6  0.00000000000000D+00  0.00000000000000D+00
     1     6     3     3     3     6  0.63062306465547D-03 -0.26671372210445D-03
     2     6     3     3     3     6  0.12612461293109D-02 -0.53342744420889D-03
     3     6     3     3     3     6  0.12475762764662D+01 -0.51669713557897D-13
     1     6     1     4     3     6 -0.35874511261150D+00 -0.26185885443391D+01
     2     6     1     4     3     6  0.00000000000000D+00  0.00000000000000D+00
     3     6     1     4     3     6  0.00000000000000D+00  0.00000000000000D+00
     1     6     2     4     3     6  0.00000000000000D+00  0.00000000000000D+00
     2     6     2     4     3     6 -0.35874511261150D+00 -0.26185885443391D+01
     3     6     2     4     3     6  0.00000000000000D+00  0.00000000000000D+00
     1     6     3     4     3     6  0.12612461293109D-02 -0.53342744420889D-03
     2     6     3     4     3     6  0.63062306465547D-03 -0.26671372210445D-03
     3     6     3     4     3     6  0.12475762764662D+01 -0.51669713557897D-13
     1     1     1     6     3     6  0.36453057900737D+01 -0.63420471523537D+02
     2     1     1     6     3     6  0.00000000000000D+00  0.00000000000000D+00
     3     1     1     6     3     6  0.47481393968613D-03 -0.20512245798010D-03
     1     2     1     6     3     6  0.36453057900737D+01 -0.63420471523537D+02
     2     2     1     6     3     6  0.00000000000000D+00  0.00000000000000D+00
     3     2     1     6     3     6  0.94962787937225D-03 -0.41024491596019D-03
     1     3     1     6     3     6  0.44687200820771D-01  0.96572673818343D+02
     2     3     1     6     3     6  0.00000000000000D+00  0.00000000000000D+00
     3     3     1     6     3     6 -0.11566788502503D-02 -0.56067773529706D-03
     1     4     1     6     3     6  0.44687200820771D-01  0.96572673818343D+02
     2     4     1     6     3     6  0.00000000000000D+00  0.00000000000000D+00
     3     4     1     6     3     6 -0.23133577005007D-02 -0.11213554705941D-02
     1     6     1     6     3     6 -0.75890611655752D+03 -0.59630674750488D+04
     2     6     1     6     3     6  0.79695043860538D+02 -0.25749056406807D+03
     3     6     1     6     3     6  0.00000000000000D+00  0.00000000000000D+00
     1     1     2     6     3     6  0.00000000000000D+00  0.00000000000000D+00
     2     1     2     6     3     6  0.36453057900737D+01 -0.63420471523537D+02
     3     1     2     6     3     6  0.94962787937225D-03 -0.41024491596019D-03
     1     2     2     6     3     6  0.00000000000000D+00  0.00000000000000D+00
     2     2     2     6     3     6  0.36453057900737D+01 -0.63420471523537D+02
     3     2     2     6     3     6  0.47481393968613D-03 -0.20512245798010D-03
     1     3     2     6     3     6  0.00000000000000D+00  0.00000000000000D+00
     2     3     2     6     3     6  0.44687200820771D-01  0.96572673818343D+02
     3     3     2     6     3     6 -0.23133577005007D-02 -0.11213554705941D-02
     1     4     2     6     3     6  0.00000000000000D+00  0.00000000000000D+00
     2     4     2     6     3     6  0.44687200820771D-01  0.96572673818343D+02
     3     4     2     6     3     6 -0.11566788502503D-02 -0.56067773529706D-03
     1     6     2     6     3     6 -0.37945341745805D+03 -0.29815337042245D+04
     2     6     2     6     3     6 -0.16772016024775D+04 -0.11411153888561D+05
     3     6     2     6     3     6  0.00000000000000D+00  0.00000000000000D+00
     1     1     3     6     3     6  0.00000000000000D+00  0.00000000000000D+00
     2     1     3     6     3     6  0.00000000000000D+00  0.00000000000000D+00
     3     1     3     6     3     6 -0.16182271582554D+02 -0.67545372370006D+02
     1     2     3     6     3     6  0.00000000000000D+00  0.00000000000000D+00
     2     2     3     6     3     6  0.00000000000000D+00  0.00000000000000D+00
     3     2     3     6     3     6 -0.16182271582554D+02 -0.67545372370006D+02
     1     3     3     6     3     6  0.00000000000000D+00  0.00000000000000D+00
     2     3     3     6     3     6  0.00000000000000D+00  0.00000000000000D+00
     3     3     3     6     3     6  0.14763297588887D+02  0.74009524546721D+02
     1     4     3     6     3     6  0.00000000000000D+00  0.00000000000000D+00
     2     4     3     6     3     6  0.00000000000000D+00  0.00000000000000D+00
     3     4     3     6     3     6  0.14763297588887D+02  0.74009524546721D+02
     1     6     3     6     3     6  0.00000000000000D+00  0.00000000000000D+00
     2     6     3     6     3     6  0.00000000000000D+00  0.00000000000000D+00
     3     6     3     6     3     6  0.84936387489563D+02 -0.37817209764429D+03
