
 **** DERIVATIVE DATABASE ****    
+DDB, Version number  20230401

  Note : temporary (transfer) database

    usepaw         0
     natom         4
      nkpt        14
    nsppol         1
      nsym        12
    ntypat         2
    occopt         1
     nband        26
     acell  0.60106439675000D+01  0.60106439676000D+01  0.97269585749000D+01
       amu  0.65390000000000D+02  0.15999400000000D+02
   dilatmx  0.10000000000000D+01
      ecut  0.40000000000000D+02
    ecutsm  0.10000000000000D+00
     intxc         0
      iscf         7
       ixc         7
       kpt  0.00000000000000D+00  0.00000000000000D+00  0.12500000000000D+00
            0.16666666666667D+00  0.00000000000000D+00  0.12500000000000D+00
            0.33333333333333D+00  0.00000000000000D+00  0.12500000000000D+00
            0.50000000000000D+00  0.00000000000000D+00  0.12500000000000D+00
            0.16666666666667D+00  0.16666666666667D+00  0.12500000000000D+00
            0.33333333333333D+00  0.16666666666667D+00  0.12500000000000D+00
            0.33333333333333D+00  0.33333333333333D+00  0.12500000000000D+00
            0.00000000000000D+00  0.00000000000000D+00  0.37500000000000D+00
            0.16666666666667D+00  0.00000000000000D+00  0.37500000000000D+00
            0.33333333333333D+00  0.00000000000000D+00  0.37500000000000D+00
            0.50000000000000D+00  0.00000000000000D+00  0.37500000000000D+00
            0.16666666666667D+00  0.16666666666667D+00  0.37500000000000D+00
            0.33333333333333D+00  0.16666666666667D+00  0.37500000000000D+00
            0.33333333333333D+00  0.33333333333333D+00  0.37500000000000D+00
    kptnrm  0.10000000000000D+01
     ngfft        36   36   60
    nspden         1
   nspinor         1
       occ  0.20000000000000D+01  0.20000000000000D+01  0.20000000000000D+01
            0.20000000000000D+01  0.20000000000000D+01  0.20000000000000D+01
            0.20000000000000D+01  0.20000000000000D+01  0.20000000000000D+01
            0.20000000000000D+01  0.20000000000000D+01  0.20000000000000D+01
            0.20000000000000D+01  0.20000000000000D+01  0.20000000000000D+01
            0.20000000000000D+01  0.20000000000000D+01  0.20000000000000D+01
            0.20000000000000D+01  0.20000000000000D+01  0.20000000000000D+01
            0.20000000000000D+01  0.20000000000000D+01  0.20000000000000D+01
            0.20000000000000D+01  0.20000000000000D+01
     rprim  0.86602540378000D+00 -0.50000000000000D+00  0.00000000000000D+00
            0.00000000000000D+00  0.10000000000000D+01  0.00000000000000D+00
            0.00000000000000D+00  0.00000000000000D+00  0.10000000000000D+01
  dfpt_sciss  0.00000000000000D+00
    spinat  0.00000000000000D+00  0.00000000000000D+00  0.00000000000000D+00
            0.00000000000000D+00  0.00000000000000D+00  0.00000000000000D+00
            0.00000000000000D+00  0.00000000000000D+00  0.00000000000000D+00
            0.00000000000000D+00  0.00000000000000D+00  0.00000000000000D+00
    symafm         1    1    1    1    1    1    1    1    1    1    1    1
    symrel         1    0    0    0    1    0    0    0    1
                   0    1    0    1    0    0    0    0    1
                   1    1    0   -1    0    0    0    0    1
                  -1    0    0    1    1    0    0    0    1
                   0    1    0   -1   -1    0    0    0    1
                  -1   -1    0    0    1    0    0    0    1
                  -1    0    0    0   -1    0    0    0    1
                   0   -1    0   -1    0    0    0    0    1
                  -1   -1    0    1    0    0    0    0    1
                   1    0    0   -1   -1    0    0    0    1
                   0   -1    0    1    1    0    0    0    1
                   1    1    0    0   -1    0    0    0    1
     tnons  0.00000000000000D+00  0.00000000000000D+00  0.00000000000000D+00
            0.22204460492503D-15  0.00000000000000D+00  0.50000000000000D+00
            0.22204460492503D-15  0.00000000000000D+00  0.50000000000000D+00
            0.00000000000000D+00  0.00000000000000D+00  0.00000000000000D+00
            0.00000000000000D+00  0.00000000000000D+00  0.00000000000000D+00
            0.22204460492503D-15  0.00000000000000D+00  0.50000000000000D+00
            0.22204460492503D-15  0.00000000000000D+00  0.50000000000000D+00
            0.00000000000000D+00  0.00000000000000D+00  0.00000000000000D+00
            0.00000000000000D+00  0.00000000000000D+00  0.00000000000000D+00
            0.22204460492503D-15  0.00000000000000D+00  0.50000000000000D+00
            0.22204460492503D-15  0.00000000000000D+00  0.50000000000000D+00
            0.00000000000000D+00  0.00000000000000D+00  0.00000000000000D+00
    tolwfr  0.10000000000000D+01
   tphysel  0.00000000000000D+00
    tsmear  0.10000000000000D-01
     typat         1    1    2    2
       wtk  0.13888888888889D-01  0.83333333333333D-01  0.83333333333333D-01
            0.41666666666667D-01  0.83333333333333D-01  0.16666666666667D+00
            0.27777777777778D-01  0.13888888888889D-01  0.83333333333333D-01
            0.83333333333333D-01  0.41666666666667D-01  0.83333333333333D-01
            0.16666666666667D+00  0.27777777777778D-01
      xred  0.33333333333333D+00  0.66666666666667D+00  0.22137450700000D-02
            0.66666666666667D+00  0.33333333333333D+00  0.50221374507000D+00
            0.33333333333333D+00  0.66666666666667D+00  0.38028625493150D+00
            0.66666666666667D+00  0.33333333333333D+00  0.88028625493150D+00
     znucl  0.30000000000000D+02  0.80000000000000D+01
      zion  0.20000000000000D+02  0.60000000000000D+01
 
 No information on the potentials yet 
 
 **** Database of total energy derivatives ****
 Number of data blocks=    2
  
 1st derivatives              - # elements :          18
     1     1 -0.21541161785235D-26  0.00000000000000D+00
     2     1  0.21541161785235D-26  0.00000000000000D+00
     3     1 -0.36144255152184D-03  0.00000000000000D+00
     1     2  0.43082323570470D-26  0.00000000000000D+00
     2     2  0.21541161785235D-26  0.00000000000000D+00
     3     2 -0.36144255152184D-03  0.00000000000000D+00
     1     3  0.00000000000000D+00  0.00000000000000D+00
     2     3  0.00000000000000D+00  0.00000000000000D+00
     3     3  0.35856903104237D-03  0.00000000000000D+00
     1     4  0.00000000000000D+00  0.00000000000000D+00
     2     4  0.00000000000000D+00  0.00000000000000D+00
     3     4  0.35856903104237D-03  0.00000000000000D+00
     1     7  0.43745228821279D-07  0.00000000000000D+00
     2     7  0.43743622002435D-07  0.00000000000000D+00
     3     7  0.25934509855566D-05  0.00000000000000D+00
     1     8  0.00000000000000D+00  0.00000000000000D+00
     2     8  0.00000000000000D+00  0.00000000000000D+00
     3     8 -0.35460375076473D-12  0.00000000000000D+00
  
 Total energy                 - # elements :           1
 -0.45041698609678D+03  0.00000000000000D+00
