The following methods will be used: maxwell bruggeman ap
Creating a csv file: command.csv
No plotting has been requested
The frequency increment is 0.20 cm-1
The default width factor (-sigma) has been set to 5.000000 cm-1
The permittivity of the medium (-dielectric) has been set to 2.0000
The density of the medium (-density) has been set to 2.2000 g/cc
Vmin is:     0.0 cm-1
Vmax is:   300.0 cm-1
All phonon modes will be considered
The number of processors has been set to 4 
The translational modes will be projected from the Dynamical matrix where possible
The charge neutrality of the Born atomic charges will not be enforced
 
Shape depolarisation matrix: needle [0,0,1] xyz=[-0.230678,-0.237479,0.943606]
            0.473394      -0.027391       0.108835
           -0.027391       0.471802       0.112043
            0.108835       0.112043       0.054804
 
Shape depolarisation matrix: ellipsoid [0,0,1] 0.5xyz=[-0.230678,-0.237479,0.943606]
            0.251874       0.015930      -0.063298
            0.015930       0.252800      -0.065164
           -0.063298      -0.065164       0.495326
 
Shape depolarisation matrix: plate (1,0,0) xyz=[0.956157,0.124489,0.265077]
            0.914237       0.119031       0.253455
            0.119031       0.015497       0.032999
            0.253455       0.032999       0.070266
 
Atomic masses will be defined using:  program
 
Masses by atom types
  22.989000  32.067500  15.999000
 
Atomic mass list
  32.067500  32.067500  22.989000  22.989000  15.999000  15.999000  15.999000  15.999000
  15.999000  15.999000  15.999000  15.999000

Volume of unit cell is   151.88042694 Angstrom^3
Total unit cell mass is:   238.10499983 g/mol
Crystal density is:   2.60325 g/cc


Concentration for unit volume fraction   10.9332 moles/Litre
 
 
Transverse frequencies (cm-1)
     -0.00     -0.00      0.00     93.38    104.70    112.25    114.32    120.60
    136.86    141.48    181.47    183.22    206.07    208.29    230.33    235.01
    252.17    337.21    378.13    400.26    442.38    522.03    527.23    529.61
    544.08    560.99    608.48    665.08    729.43    819.25    997.61   1027.10
   1178.43   1186.78   1194.33   1215.34
 
 
Longitudinal frequencies (cm-1) q->0 q(cart)=[ 0.5164, 0.5138, 0.6851] (1,1,1)
      0.00      0.00      2.21     93.58    104.70    112.25    114.32    122.17
    138.00    141.48    181.47    185.54    206.07    230.33    233.52    243.47
    252.17    337.21    378.43    400.26    442.38    527.23    529.33    541.08
    544.08    562.55    608.48    694.05    729.43    819.25   1002.63   1027.10
   1185.74   1186.78   1215.34   1241.94
 
Calculated Integrated IR band intensities (espilon_max assumes a fwhm line width)
Only IR active modes are shown

Mode Frequency Intensity         Integrated Molar Absorption Epsilon_max   FWHM  
     cm-1      Debye2/Angs2/amu   Coefficient L/mole/cm/cm    L/mole/cm    cm-1  
---- --------- ----------------  --------------------------- -----------   ----  
   3    93.38          0.412906                 1744.777527    222.1520      5.0
   7   120.60          1.390946                 5877.583475    748.3572      5.0
   8   136.86          3.005715                12700.949152   1617.1351      5.0
  11   183.22          0.476814                 2014.823992    256.5354      5.0
  13   208.29          3.111573                13148.263779   1674.0889      5.0
  15   235.01          3.506549                14817.274683   1886.5940      5.0
  18   378.13          0.120970                  511.169484     65.0841      5.0
  20   442.38          0.206739                  873.594953    111.2296      5.0
  21   522.03          6.490971                27428.245360   3492.2727      5.0
  23   529.61          3.590284                15171.104715   1931.6450      5.0
  25   560.99          1.775122                 7500.953464    955.0511      5.0
  27   665.08         19.947433                84289.871605  10732.1198      5.0
  30   997.61          7.982137                33729.317511   4294.5501      5.0
  32  1178.43         27.137842               114673.663564  14600.7043      5.0
  34  1194.33         23.721719               100238.494587  12762.7615      5.0
 
 
Permittivity contribution from ionic displacements
            3.384428      -0.810336      -0.570863
           -0.810336       2.637301       0.407260
           -0.570863       0.407260       2.211963
 
Optical permittivity at zero frequency
            2.466024      -0.045629      -0.242637
           -0.045629       2.313829       0.087580
           -0.242637       0.087580       2.601216
 
Total permittivity
            5.850452      -0.855965      -0.813500
           -0.855965       4.951130       0.494840
           -0.813500       0.494840       4.813179
