appending to names  calcite.gout
The following methods will be used:  ['ap', 'maxwell']
Creating a csv file:  command.csv
No plotting requested
The frequency increment is  0.2  cm-1
The default width factor (-sigma) has been set to  5  cm-1
Permittivity of the medium (-dielectric) has been set to  2.0
Density of the medium (-density) has been set to  2.2
Vmin is:  0.0
Vmax is:  2000.0
Considering all modes
No projection of the dynamical matrix will be performed
The charge neutrality of the Born atomic charges will not be enforced
GULP: volume =  122.228732093
Elastic constant tensor
[[ 149.9678   64.9807   61.827    19.6249   -0.       -0.    ]
 [  64.9807  149.9678   61.827   -19.6249   -0.       -0.    ]
 [  61.827    61.827    84.6758   -0.       -0.       -0.    ]
 [  19.6249  -19.6249   -0.       36.5451    0.       -0.    ]
 [  -0.       -0.       -0.        0.       36.5451   19.6249]
 [  -0.       -0.       -0.       -0.       19.6249   42.4935]]
Shape depolarisation matrix:  sphere   
[[ 0.33333333  0.          0.        ]
 [ 0.          0.33333333  0.        ]
 [ 0.          0.          0.33333333]]

Shape depolarisation matrix:  plate (-1,-1,-2) 
The miller indices for the surface  (-1,-1,-2) has a normal [  8.42011308e-17   7.03382976e-01  -7.10811079e-01] in xyz
[[  7.08983043e-33   5.92256420e-17  -5.98510966e-17]
 [  5.92256420e-17   4.94747610e-01  -4.99972412e-01]
 [ -5.98510966e-17  -4.99972412e-01   5.05252390e-01]]

Volume of unit cell is  122.228732093  Angstrom^3
Total unit cell mass is:  200.18  g/mol
Crystal density is:  2.71954595226  g/cc
Orthogonalisation iteration:  0.000189089178002
Orthogonalisation iteration:  1.3157352802e-10
Orthogonalisation iteration:  2.77669794678e-14
Complete mode list is:  [0, 1, 2, 3, 4, 5, 6, 7, 8, 9, 10, 11, 12, 13, 14, 15, 16, 17, 18, 19, 20, 21, 22, 23, 24, 25, 26, 27, 28, 29]
Sigmas are  :  [5, 5, 5, 5, 5, 5, 5, 5, 5, 5, 5, 5, 5, 5, 5, 5, 5, 5, 5, 5, 5, 5, 5, 5, 5, 5, 5, 5, 5, 5]
Selected mode list is:  [3, 4, 5, 9, 10, 15, 16, 17, 20, 21, 22, 26, 27]
Calculated Integrated IR band intensities (espilon_max assumes a fwhm line width)
mode,Freq(cm-1),Intensity(Debye2/Angstrom2/amu),Integrated_Molar_Absorption_Coefficient(L/mole/cm/cm),epsilon_max(L/mole/cm), FWHM(cm-1)
3 , 114.7668 , 2.38615651001 , 10082.9429487 , 1283.80016896 , 5
4 , 114.7668 , 2.3861645103 , 10082.9767547 , 1283.80447328 , 5
5 , 127.3816 , 3.35947490182 , 14195.7971451 , 1807.46502942 , 5
9 , 249.2905 , 1.2261518917 , 5181.22743355 , 659.694365866 , 5
10 , 249.2905 , 1.22615163548 , 5181.22635089 , 659.694228018 , 5
15 , 320.7148 , 5.8249376901 , 24613.8567033 , 3133.93357031 , 5
16 , 320.7148 , 5.82494543115 , 24613.8894139 , 3133.93773515 , 5
17 , 338.1403 , 4.13943975388 , 17491.616624 , 2227.1017987 , 5
20 , 620.1223 , 3.38337990765 , 14296.8101378 , 1820.3264031 , 5
21 , 620.1223 , 3.38337239828 , 14296.7784062 , 1820.32236291 , 5
22 , 731.9542 , 26.8901385247 , 113626.96935 , 14467.4350725 , 5
26 , 1463.5593 , 16.9713957382 , 71714.3298311 , 9130.95206652 , 5
27 , 1463.5593 , 16.9713900697 , 71714.3058786 , 9130.94901679 , 5
Permittivity contribution from ionic displacements
[[  4.78546637e+00   4.92333299e-06   2.20595881e-06]
 [  4.92333299e-06   4.78546884e+00   3.40068263e-06]
 [  2.20595881e-06   3.40068263e-06   5.12035116e+00]]
Optical permittivity at zero frequency
[[ 1.91353 -0.       0.     ]
 [-0.       1.91353  0.     ]
 [ 0.       0.       2.00068]]
Total permittivity
[[  6.69899637e+00   4.92333299e-06   2.20595881e-06]
 [  4.92333299e-06   6.69899884e+00   3.40068263e-06]
 [  2.20595881e-06   3.40068263e-06   7.12103116e+00]]
Concentration for unit volume fraction in moles / Litre 13.5855028088
