appending to names  calcite.gout
The following methods will be used:  ['ap', 'maxwell']
Creating a csv file:  command.csv
No plotting requested
The frequency increment is  0.2  cm-1
The default width factor (-sigma) has been set to  5  cm-1
Permittivity of the medium (-dielectric) has been set to  2.0
Density of the medium (-density) has been set to  2.2
Vmin is:  0.0
Vmax is:  2000.0
Considering all modes
GULP: volume =  122.228732093
Elastic constant tensor
[[ 149.9678   64.9807   61.827    19.6249   -0.       -0.    ]
 [  64.9807  149.9678   61.827   -19.6249   -0.       -0.    ]
 [  61.827    61.827    84.6758   -0.       -0.       -0.    ]
 [  19.6249  -19.6249   -0.       36.5451    0.       -0.    ]
 [  -0.       -0.       -0.        0.       36.5451   19.6249]
 [  -0.       -0.       -0.       -0.       19.6249   42.4935]]
Shape depolarisation matrix:  sphere   
[[ 0.33333333  0.          0.        ]
 [ 0.          0.33333333  0.        ]
 [ 0.          0.          0.33333333]]

Shape depolarisation matrix:  plate (-1,-1,-2) 
The miller indices for the surface  (-1,-1,-2) has a normal [  8.42011308e-17   7.03382976e-01  -7.10811079e-01] in xyz
[[  7.08983043e-33   5.92256420e-17  -5.98510966e-17]
 [  5.92256420e-17   4.94747610e-01  -4.99972412e-01]
 [ -5.98510966e-17  -4.99972412e-01   5.05252390e-01]]

Volume of unit cell is  122.228732093  Angstrom^3
Total unit cell mass is:  200.18  g/mol
Crystal density is:  2.71954595226  g/cc
Complete mode list is:  [0, 1, 2, 3, 4, 5, 6, 7, 8, 9, 10, 11, 12, 13, 14, 15, 16, 17, 18, 19, 20, 21, 22, 23, 24, 25, 26, 27, 28, 29]
Sigmas are  :  [5, 5, 5, 5, 5, 5, 5, 5, 5, 5, 5, 5, 5, 5, 5, 5, 5, 5, 5, 5, 5, 5, 5, 5, 5, 5, 5, 5, 5, 5]
Selected mode list is:  [3, 4, 5, 9, 10, 15, 16, 17, 20, 21, 22, 26, 27]
Calculated Integrated IR band intensities (espilon_max assumes a fwhm line width)
mode,Freq(cm-1),Intensity(Debye2/Angstrom2/amu),Integrated_Molar_Absorption_Coefficient(L/mole/cm/cm),epsilon_max(L/mole/cm), FWHM(cm-1)
3 , 114.7668 , 2.3861692175 , 10082.9966455 , 1283.80700584 , 5
4 , 114.7668 , 2.38615687816 , 10082.9445044 , 1283.80036703 , 5
5 , 127.3816 , 3.35947250266 , 14195.7870072 , 1807.46373862 , 5
9 , 249.2905 , 1.22615395693 , 5181.23616042 , 659.695477006 , 5
10 , 249.2905 , 1.22616552859 , 5181.28505761 , 659.70170279 , 5
15 , 320.7148 , 5.82492733422 , 24613.8129435 , 3133.92799864 , 5
16 , 320.7148 , 5.82495040142 , 24613.9104162 , 3133.94040925 , 5
17 , 338.1403 , 4.13943735428 , 17491.6064842 , 2227.10050767 , 5
20 , 620.1223 , 3.38337876891 , 14296.8053259 , 1820.32579043 , 5
21 , 620.1223 , 3.38337033606 , 14296.7696921 , 1820.32125339 , 5
22 , 731.9542 , 26.8901795774 , 113627.142822 , 14467.4571597 , 5
26 , 1463.5593 , 16.9713922564 , 71714.3151185 , 9130.95019325 , 5
27 , 1463.5593 , 16.9713922615 , 71714.3151401 , 9130.950196 , 5
Permittivity contribution from ionic displacements
[[  4.78546850e+00   6.99607134e-06   5.61228544e-06]
 [  6.99607134e-06   4.78547684e+00   1.20712373e-05]
 [  5.61228544e-06   1.20712373e-05   5.12034955e+00]]
Optical permittivity at zero frequency
[[ 1.91353 -0.       0.     ]
 [-0.       1.91353  0.     ]
 [ 0.       0.       2.00068]]
Total permittivity
[[  6.69899850e+00   6.99607134e-06   5.61228544e-06]
 [  6.99607134e-06   6.69900684e+00   1.20712373e-05]
 [  5.61228544e-06   1.20712373e-05   7.12102955e+00]]
Concentration for unit volume fraction in moles / Litre 13.5855028088
