Dynamical matrix file
IR Phonon Calculation at gamma                                             
  4   16   0  10.5295542   0.0000000   0.0000000   0.0000000   0.0000000   0.0000000
Basis vectors
      0.995513125    0.000000000    0.000000000
      0.000000000    0.995513125    0.000000000
      0.000000000    0.000000000    0.837681486
           1  'N      '    12766.143791101398     
           2  'H      '    918.28007493197140     
           3  'C      '    10946.992226280829     
           4  'O      '    14582.196445495396     
    1    4      0.0000000000      0.4977565625      0.5033943959
    2    4      0.4977565625      0.0000000000      0.3342870901
    3    1      0.1461916723      0.6439482348      0.1490139317
    4    1      0.6439482348      0.8493214527      0.6886675543
    5    1      0.8493214527      0.3515648902      0.1490139317
    6    1      0.3515648902      0.1461916723      0.6886675543
    7    3      0.0000000000      0.4977565625      0.2745692383
    8    3      0.4977565625      0.0000000000      0.5631122477
    9    2      0.2598400059      0.7575965684      0.2367732758
   10    2      0.7575965684      0.7356731191      0.6009082102
   11    2      0.7356731191      0.2379165566      0.2367732758
   12    2      0.2379165566      0.2598400059      0.6009082102
   13    2      0.1441406175      0.6418971800      0.8038688660
   14    2      0.6418971800      0.8513725075      0.0338126200
   15    2      0.8513725075      0.3536159450      0.8038688660
   16    2      0.3536159450      0.1441406175      0.0338126200

     Dynamical  Matrix in cartesian axes

     q = (    0.000000000   0.000000000   0.000000000 ) 

    1    1
  0.15526631   0.00000000     0.05241612   0.00000000     0.00000000   0.00000000
  0.05241612   0.00000000     0.15526631   0.00000000     0.00000000   0.00000000
  0.00000000   0.00000000     0.00000000   0.00000000     1.12667552   0.00000000
    1    2
 -0.00514567   0.00000000     0.00000000   0.00000000     0.00000000   0.00000000
  0.00000000   0.00000000    -0.00514567   0.00000000     0.00000000   0.00000000
  0.00000000   0.00000000     0.00000000   0.00000000     0.01120411   0.00000000
    1    3
  0.02301120   0.00000000    -0.01010600   0.00000000     0.07434190   0.00000000
 -0.01010600   0.00000000     0.02301120   0.00000000     0.07434190   0.00000000
  0.04569806   0.00000000     0.04569806   0.00000000    -0.16837400   0.00000000
    1    4
 -0.01696895   0.00000000     0.01631135   0.00000000     0.00407042   0.00000000
  0.01631135   0.00000000    -0.01696895   0.00000000    -0.00407042   0.00000000
  0.01199164   0.00000000    -0.01199164   0.00000000     0.00005735   0.00000000
    1    5
  0.02301120   0.00000000    -0.01010600   0.00000000    -0.07434190   0.00000000
 -0.01010600   0.00000000     0.02301120   0.00000000    -0.07434190   0.00000000
 -0.04569806   0.00000000    -0.04569806   0.00000000    -0.16837400   0.00000000
    1    6
 -0.01696895   0.00000000     0.01631135   0.00000000    -0.00407042   0.00000000
  0.01631135   0.00000000    -0.01696895   0.00000000     0.00407042   0.00000000
 -0.01199164   0.00000000     0.01199164   0.00000000     0.00005735   0.00000000
    1    7
 -0.18517386   0.00000000    -0.03004508   0.00000000     0.00000000   0.00000000
 -0.03004508   0.00000000    -0.18517386   0.00000000     0.00000000   0.00000000
  0.00000000   0.00000000     0.00000000   0.00000000    -0.82677654   0.00000000
    1    8
  0.01371120   0.00000000    -0.00814107   0.00000000     0.00000000   0.00000000
 -0.00814107   0.00000000     0.01371120   0.00000000     0.00000000   0.00000000
  0.00000000   0.00000000     0.00000000   0.00000000    -0.02555691   0.00000000
    1    9
  0.00257450   0.00000000     0.00953674   0.00000000    -0.00282154   0.00000000
  0.00953674   0.00000000     0.00257450   0.00000000    -0.00282154   0.00000000
 -0.00589887   0.00000000    -0.00589887   0.00000000    -0.00842929   0.00000000
    1   10
  0.00510434   0.00000000    -0.01145020   0.00000000    -0.00814589   0.00000000
 -0.01145020   0.00000000     0.00510434   0.00000000     0.00814589   0.00000000
 -0.01692282   0.00000000     0.01692282   0.00000000     0.00390775   0.00000000
    1   11
  0.00257450   0.00000000     0.00953674   0.00000000     0.00282154   0.00000000
  0.00953674   0.00000000     0.00257450   0.00000000     0.00282154   0.00000000
  0.00589887   0.00000000     0.00589887   0.00000000    -0.00842929   0.00000000
    1   12
  0.00510434   0.00000000    -0.01145020   0.00000000     0.00814589   0.00000000
 -0.01145020   0.00000000     0.00510434   0.00000000    -0.00814589   0.00000000
  0.01692282   0.00000000    -0.01692282   0.00000000     0.00390775   0.00000000
    1   13
 -0.00265270   0.00000000    -0.01369774   0.00000000     0.00032713   0.00000000
 -0.01369774   0.00000000    -0.00265270   0.00000000     0.00032713   0.00000000
  0.01468359   0.00000000     0.01468359   0.00000000     0.02916892   0.00000000
    1   14
 -0.00081283   0.00000000     0.00199667   0.00000000    -0.00033437   0.00000000
  0.00199667   0.00000000    -0.00081283   0.00000000     0.00033437   0.00000000
  0.00226048   0.00000000    -0.00226048   0.00000000     0.00145068   0.00000000
    1   15
 -0.00265270   0.00000000    -0.01369774   0.00000000    -0.00032713   0.00000000
 -0.01369774   0.00000000    -0.00265270   0.00000000    -0.00032713   0.00000000
 -0.01468359   0.00000000    -0.01468359   0.00000000     0.02916892   0.00000000
    1   16
 -0.00081283   0.00000000     0.00199667   0.00000000     0.00033437   0.00000000
  0.00199667   0.00000000    -0.00081283   0.00000000    -0.00033437   0.00000000
 -0.00226048   0.00000000     0.00226048   0.00000000     0.00145068   0.00000000
    2    1
 -0.00514567   0.00000000     0.00000000   0.00000000     0.00000000   0.00000000
  0.00000000   0.00000000    -0.00514567   0.00000000     0.00000000   0.00000000
  0.00000000   0.00000000     0.00000000   0.00000000     0.01120411   0.00000000
    2    2
  0.15526631   0.00000000    -0.05241612   0.00000000     0.00000000   0.00000000
 -0.05241612   0.00000000     0.15526631   0.00000000     0.00000000   0.00000000
  0.00000000   0.00000000     0.00000000   0.00000000     1.12667552   0.00000000
    2    3
 -0.01696895   0.00000000    -0.01631135   0.00000000    -0.00407042   0.00000000
 -0.01631135   0.00000000    -0.01696895   0.00000000    -0.00407042   0.00000000
 -0.01199164   0.00000000    -0.01199164   0.00000000     0.00005735   0.00000000
    2    4
  0.02301120   0.00000000     0.01010600   0.00000000    -0.07434190   0.00000000
  0.01010600   0.00000000     0.02301120   0.00000000     0.07434190   0.00000000
 -0.04569806   0.00000000     0.04569806   0.00000000    -0.16837400   0.00000000
    2    5
 -0.01696895   0.00000000    -0.01631135   0.00000000     0.00407042   0.00000000
 -0.01631135   0.00000000    -0.01696895   0.00000000     0.00407042   0.00000000
  0.01199164   0.00000000     0.01199164   0.00000000     0.00005735   0.00000000
    2    6
  0.02301120   0.00000000     0.01010600   0.00000000     0.07434190   0.00000000
  0.01010600   0.00000000     0.02301120   0.00000000    -0.07434190   0.00000000
  0.04569806   0.00000000    -0.04569806   0.00000000    -0.16837400   0.00000000
    2    7
  0.01371120   0.00000000     0.00814107   0.00000000     0.00000000   0.00000000
  0.00814107   0.00000000     0.01371120   0.00000000     0.00000000   0.00000000
  0.00000000   0.00000000     0.00000000   0.00000000    -0.02555691   0.00000000
    2    8
 -0.18517386   0.00000000     0.03004508   0.00000000     0.00000000   0.00000000
  0.03004508   0.00000000    -0.18517386   0.00000000     0.00000000   0.00000000
  0.00000000   0.00000000     0.00000000   0.00000000    -0.82677654   0.00000000
    2    9
  0.00510434   0.00000000     0.01145020   0.00000000     0.00814589   0.00000000
  0.01145020   0.00000000     0.00510434   0.00000000     0.00814589   0.00000000
  0.01692282   0.00000000     0.01692282   0.00000000     0.00390775   0.00000000
    2   10
  0.00257450   0.00000000    -0.00953674   0.00000000     0.00282154   0.00000000
 -0.00953674   0.00000000     0.00257450   0.00000000    -0.00282154   0.00000000
  0.00589887   0.00000000    -0.00589887   0.00000000    -0.00842929   0.00000000
    2   11
  0.00510434   0.00000000     0.01145020   0.00000000    -0.00814589   0.00000000
  0.01145020   0.00000000     0.00510434   0.00000000    -0.00814589   0.00000000
 -0.01692282   0.00000000    -0.01692282   0.00000000     0.00390775   0.00000000
    2   12
  0.00257450   0.00000000    -0.00953674   0.00000000    -0.00282154   0.00000000
 -0.00953674   0.00000000     0.00257450   0.00000000     0.00282154   0.00000000
 -0.00589887   0.00000000     0.00589887   0.00000000    -0.00842929   0.00000000
    2   13
 -0.00081283   0.00000000    -0.00199667   0.00000000     0.00033437   0.00000000
 -0.00199667   0.00000000    -0.00081283   0.00000000     0.00033437   0.00000000
 -0.00226048   0.00000000    -0.00226048   0.00000000     0.00145068   0.00000000
    2   14
 -0.00265270   0.00000000     0.01369774   0.00000000    -0.00032713   0.00000000
  0.01369774   0.00000000    -0.00265270   0.00000000     0.00032713   0.00000000
 -0.01468359   0.00000000     0.01468359   0.00000000     0.02916892   0.00000000
    2   15
 -0.00081283   0.00000000    -0.00199667   0.00000000    -0.00033437   0.00000000
 -0.00199667   0.00000000    -0.00081283   0.00000000    -0.00033437   0.00000000
  0.00226048   0.00000000     0.00226048   0.00000000     0.00145068   0.00000000
    2   16
 -0.00265270   0.00000000     0.01369774   0.00000000     0.00032713   0.00000000
  0.01369774   0.00000000    -0.00265270   0.00000000    -0.00032713   0.00000000
  0.01468359   0.00000000    -0.01468359   0.00000000     0.02916892   0.00000000
    3    1
  0.02301120   0.00000000    -0.01010600   0.00000000     0.04569806   0.00000000
 -0.01010600   0.00000000     0.02301120   0.00000000     0.04569806   0.00000000
  0.07434190   0.00000000     0.07434190   0.00000000    -0.16837400   0.00000000
    3    2
 -0.01696895   0.00000000    -0.01631135   0.00000000    -0.01199164   0.00000000
 -0.01631135   0.00000000    -0.01696895   0.00000000    -0.01199164   0.00000000
 -0.00407042   0.00000000    -0.00407042   0.00000000     0.00005735   0.00000000
    3    3
  0.80696988   0.00000000     0.75227506   0.00000000     0.05150249   0.00000000
  0.75227506   0.00000000     0.80696988   0.00000000     0.05150249   0.00000000
  0.05150249   0.00000000     0.05150249   0.00000000     1.58938835   0.00000000
    3    4
 -0.01007992   0.00000000    -0.00092089   0.00000000    -0.00210079   0.00000000
  0.00092089   0.00000000     0.00202048   0.00000000     0.00025402   0.00000000
  0.00210079   0.00000000     0.00025402   0.00000000    -0.00196074   0.00000000
    3    5
 -0.07004228   0.00000000    -0.09406324   0.00000000     0.01926109   0.00000000
 -0.09406324   0.00000000    -0.07004228   0.00000000     0.01926109   0.00000000
 -0.01926109   0.00000000    -0.01926109   0.00000000     0.03778749   0.00000000
    3    6
  0.00202048   0.00000000     0.00092089   0.00000000     0.00025402   0.00000000
 -0.00092089   0.00000000    -0.01007992   0.00000000    -0.00210079   0.00000000
  0.00025402   0.00000000     0.00210079   0.00000000    -0.00196074   0.00000000
    3    7
 -0.34697923   0.00000000    -0.24710934   0.00000000     0.11591603   0.00000000
 -0.24710934   0.00000000    -0.34697923   0.00000000     0.11591603   0.00000000
  0.12284614   0.00000000     0.12284614   0.00000000    -0.34228583   0.00000000
    3    8
  0.00160928   0.00000000    -0.00330797   0.00000000     0.01227959   0.00000000
 -0.00330797   0.00000000     0.00160928   0.00000000     0.01227959   0.00000000
 -0.00180532   0.00000000    -0.00180532   0.00000000     0.00296885   0.00000000
    3    9
 -0.32380942   0.00000000    -0.31500504   0.00000000    -0.20749521   0.00000000
 -0.31500504   0.00000000    -0.32380942   0.00000000    -0.20749521   0.00000000
 -0.20627782   0.00000000    -0.20627782   0.00000000    -0.30790376   0.00000000
    3   10
  0.00515609   0.00000000    -0.00350661   0.00000000    -0.00108331   0.00000000
  0.00201000   0.00000000    -0.00800402   0.00000000    -0.00232188   0.00000000
 -0.00443325   0.00000000     0.00756303   0.00000000     0.00270407   0.00000000
    3   11
  0.01071086   0.00000000    -0.00001234   0.00000000    -0.00971718   0.00000000
 -0.00001234   0.00000000     0.01071086   0.00000000    -0.00971718   0.00000000
 -0.00553614   0.00000000    -0.00553614   0.00000000    -0.00641232   0.00000000
    3   12
 -0.00800402   0.00000000     0.00201000   0.00000000    -0.00232188   0.00000000
 -0.00350661   0.00000000     0.00515609   0.00000000    -0.00108331   0.00000000
  0.00756303   0.00000000    -0.00443325   0.00000000     0.00270407   0.00000000
    3   13
 -0.07939864   0.00000000    -0.06616255   0.00000000    -0.01479236   0.00000000
 -0.06616255   0.00000000    -0.07939864   0.00000000    -0.01479236   0.00000000
 -0.01446249   0.00000000    -0.01446249   0.00000000    -0.81546683   0.00000000
    3   14
  0.00484444   0.00000000     0.00248642   0.00000000    -0.00013791   0.00000000
 -0.00232374   0.00000000     0.00088604   0.00000000    -0.00034149   0.00000000
 -0.00004370   0.00000000    -0.00144434   0.00000000    -0.00023154   0.00000000
    3   15
  0.00011886   0.00000000     0.00048893   0.00000000     0.00489158   0.00000000
  0.00048893   0.00000000     0.00011886   0.00000000     0.00489158   0.00000000
 -0.00160943   0.00000000    -0.00160943   0.00000000     0.00888964   0.00000000
    3   16
  0.00088604   0.00000000    -0.00232374   0.00000000    -0.00034149   0.00000000
  0.00248642   0.00000000     0.00484444   0.00000000    -0.00013791   0.00000000
 -0.00144434   0.00000000    -0.00004370   0.00000000    -0.00023154   0.00000000
    4    1
 -0.01696895   0.00000000     0.01631135   0.00000000     0.01199164   0.00000000
  0.01631135   0.00000000    -0.01696895   0.00000000    -0.01199164   0.00000000
  0.00407042   0.00000000    -0.00407042   0.00000000     0.00005735   0.00000000
    4    2
  0.02301120   0.00000000     0.01010600   0.00000000    -0.04569806   0.00000000
  0.01010600   0.00000000     0.02301120   0.00000000     0.04569806   0.00000000
 -0.07434190   0.00000000     0.07434190   0.00000000    -0.16837400   0.00000000
    4    3
 -0.01007992   0.00000000     0.00092089   0.00000000     0.00210079   0.00000000
 -0.00092089   0.00000000     0.00202048   0.00000000     0.00025402   0.00000000
 -0.00210079   0.00000000     0.00025402   0.00000000    -0.00196074   0.00000000
    4    4
  0.80696988   0.00000000    -0.75227506   0.00000000    -0.05150249   0.00000000
 -0.75227506   0.00000000     0.80696988   0.00000000     0.05150249   0.00000000
 -0.05150249   0.00000000     0.05150249   0.00000000     1.58938835   0.00000000
    4    5
  0.00202048   0.00000000    -0.00092089   0.00000000    -0.00025402   0.00000000
  0.00092089   0.00000000    -0.01007992   0.00000000    -0.00210079   0.00000000
 -0.00025402   0.00000000     0.00210079   0.00000000    -0.00196074   0.00000000
    4    6
 -0.07004228   0.00000000     0.09406324   0.00000000    -0.01926109   0.00000000
  0.09406324   0.00000000    -0.07004228   0.00000000     0.01926109   0.00000000
  0.01926109   0.00000000    -0.01926109   0.00000000     0.03778749   0.00000000
    4    7
  0.00160928   0.00000000     0.00330797   0.00000000    -0.01227959   0.00000000
  0.00330797   0.00000000     0.00160928   0.00000000     0.01227959   0.00000000
  0.00180532   0.00000000    -0.00180532   0.00000000     0.00296885   0.00000000
    4    8
 -0.34697923   0.00000000     0.24710934   0.00000000    -0.11591603   0.00000000
  0.24710934   0.00000000    -0.34697923   0.00000000     0.11591603   0.00000000
 -0.12284614   0.00000000     0.12284614   0.00000000    -0.34228583   0.00000000
    4    9
  0.00515609   0.00000000     0.00350661   0.00000000     0.00108331   0.00000000
 -0.00201000   0.00000000    -0.00800402   0.00000000    -0.00232188   0.00000000
  0.00443325   0.00000000     0.00756303   0.00000000     0.00270407   0.00000000
    4   10
 -0.32380942   0.00000000     0.31500504   0.00000000     0.20749521   0.00000000
  0.31500504   0.00000000    -0.32380942   0.00000000    -0.20749521   0.00000000
  0.20627782   0.00000000    -0.20627782   0.00000000    -0.30790376   0.00000000
    4   11
 -0.00800402   0.00000000    -0.00201000   0.00000000     0.00232188   0.00000000
  0.00350661   0.00000000     0.00515609   0.00000000    -0.00108331   0.00000000
 -0.00756303   0.00000000    -0.00443325   0.00000000     0.00270407   0.00000000
    4   12
  0.01071086   0.00000000     0.00001234   0.00000000     0.00971718   0.00000000
  0.00001234   0.00000000     0.01071086   0.00000000    -0.00971718   0.00000000
  0.00553614   0.00000000    -0.00553614   0.00000000    -0.00641232   0.00000000
    4   13
  0.00484444   0.00000000    -0.00248642   0.00000000     0.00013791   0.00000000
  0.00232374   0.00000000     0.00088604   0.00000000    -0.00034149   0.00000000
  0.00004370   0.00000000    -0.00144434   0.00000000    -0.00023154   0.00000000
    4   14
 -0.07939864   0.00000000     0.06616255   0.00000000     0.01479236   0.00000000
  0.06616255   0.00000000    -0.07939864   0.00000000    -0.01479236   0.00000000
  0.01446249   0.00000000    -0.01446249   0.00000000    -0.81546683   0.00000000
    4   15
  0.00088604   0.00000000     0.00232374   0.00000000     0.00034149   0.00000000
 -0.00248642   0.00000000     0.00484444   0.00000000    -0.00013791   0.00000000
  0.00144434   0.00000000    -0.00004370   0.00000000    -0.00023154   0.00000000
    4   16
  0.00011886   0.00000000    -0.00048893   0.00000000    -0.00489158   0.00000000
 -0.00048893   0.00000000     0.00011886   0.00000000     0.00489158   0.00000000
  0.00160943   0.00000000    -0.00160943   0.00000000     0.00888964   0.00000000
    5    1
  0.02301120   0.00000000    -0.01010600   0.00000000    -0.04569806   0.00000000
 -0.01010600   0.00000000     0.02301120   0.00000000    -0.04569806   0.00000000
 -0.07434190   0.00000000    -0.07434190   0.00000000    -0.16837400   0.00000000
    5    2
 -0.01696895   0.00000000    -0.01631135   0.00000000     0.01199164   0.00000000
 -0.01631135   0.00000000    -0.01696895   0.00000000     0.01199164   0.00000000
  0.00407042   0.00000000     0.00407042   0.00000000     0.00005735   0.00000000
    5    3
 -0.07004228   0.00000000    -0.09406324   0.00000000    -0.01926109   0.00000000
 -0.09406324   0.00000000    -0.07004228   0.00000000    -0.01926109   0.00000000
  0.01926109   0.00000000     0.01926109   0.00000000     0.03778749   0.00000000
    5    4
  0.00202048   0.00000000     0.00092089   0.00000000    -0.00025402   0.00000000
 -0.00092089   0.00000000    -0.01007992   0.00000000     0.00210079   0.00000000
 -0.00025402   0.00000000    -0.00210079   0.00000000    -0.00196074   0.00000000
    5    5
  0.80696988   0.00000000     0.75227506   0.00000000    -0.05150249   0.00000000
  0.75227506   0.00000000     0.80696988   0.00000000    -0.05150249   0.00000000
 -0.05150249   0.00000000    -0.05150249   0.00000000     1.58938835   0.00000000
    5    6
 -0.01007992   0.00000000    -0.00092089   0.00000000     0.00210079   0.00000000
  0.00092089   0.00000000     0.00202048   0.00000000    -0.00025402   0.00000000
 -0.00210079   0.00000000    -0.00025402   0.00000000    -0.00196074   0.00000000
    5    7
 -0.34697923   0.00000000    -0.24710934   0.00000000    -0.11591603   0.00000000
 -0.24710934   0.00000000    -0.34697923   0.00000000    -0.11591603   0.00000000
 -0.12284614   0.00000000    -0.12284614   0.00000000    -0.34228583   0.00000000
    5    8
  0.00160928   0.00000000    -0.00330797   0.00000000    -0.01227959   0.00000000
 -0.00330797   0.00000000     0.00160928   0.00000000    -0.01227959   0.00000000
  0.00180532   0.00000000     0.00180532   0.00000000     0.00296885   0.00000000
    5    9
  0.01071086   0.00000000    -0.00001234   0.00000000     0.00971718   0.00000000
 -0.00001234   0.00000000     0.01071086   0.00000000     0.00971718   0.00000000
  0.00553614   0.00000000     0.00553614   0.00000000    -0.00641232   0.00000000
    5   10
 -0.00800402   0.00000000     0.00201000   0.00000000     0.00232188   0.00000000
 -0.00350661   0.00000000     0.00515609   0.00000000     0.00108331   0.00000000
 -0.00756303   0.00000000     0.00443325   0.00000000     0.00270407   0.00000000
    5   11
 -0.32380942   0.00000000    -0.31500504   0.00000000     0.20749521   0.00000000
 -0.31500504   0.00000000    -0.32380942   0.00000000     0.20749521   0.00000000
  0.20627782   0.00000000     0.20627782   0.00000000    -0.30790376   0.00000000
    5   12
  0.00515609   0.00000000    -0.00350661   0.00000000     0.00108331   0.00000000
  0.00201000   0.00000000    -0.00800402   0.00000000     0.00232188   0.00000000
  0.00443325   0.00000000    -0.00756303   0.00000000     0.00270407   0.00000000
    5   13
  0.00011886   0.00000000     0.00048893   0.00000000    -0.00489158   0.00000000
  0.00048893   0.00000000     0.00011886   0.00000000    -0.00489158   0.00000000
  0.00160943   0.00000000     0.00160943   0.00000000     0.00888964   0.00000000
    5   14
  0.00088604   0.00000000    -0.00232374   0.00000000     0.00034149   0.00000000
  0.00248642   0.00000000     0.00484444   0.00000000     0.00013791   0.00000000
  0.00144434   0.00000000     0.00004370   0.00000000    -0.00023154   0.00000000
    5   15
 -0.07939864   0.00000000    -0.06616255   0.00000000     0.01479236   0.00000000
 -0.06616255   0.00000000    -0.07939864   0.00000000     0.01479236   0.00000000
  0.01446249   0.00000000     0.01446249   0.00000000    -0.81546683   0.00000000
    5   16
  0.00484444   0.00000000     0.00248642   0.00000000     0.00013791   0.00000000
 -0.00232374   0.00000000     0.00088604   0.00000000     0.00034149   0.00000000
  0.00004370   0.00000000     0.00144434   0.00000000    -0.00023154   0.00000000
    6    1
 -0.01696895   0.00000000     0.01631135   0.00000000    -0.01199164   0.00000000
  0.01631135   0.00000000    -0.01696895   0.00000000     0.01199164   0.00000000
 -0.00407042   0.00000000     0.00407042   0.00000000     0.00005735   0.00000000
    6    2
  0.02301120   0.00000000     0.01010600   0.00000000     0.04569806   0.00000000
  0.01010600   0.00000000     0.02301120   0.00000000    -0.04569806   0.00000000
  0.07434190   0.00000000    -0.07434190   0.00000000    -0.16837400   0.00000000
    6    3
  0.00202048   0.00000000    -0.00092089   0.00000000     0.00025402   0.00000000
  0.00092089   0.00000000    -0.01007992   0.00000000     0.00210079   0.00000000
  0.00025402   0.00000000    -0.00210079   0.00000000    -0.00196074   0.00000000
    6    4
 -0.07004228   0.00000000     0.09406324   0.00000000     0.01926109   0.00000000
  0.09406324   0.00000000    -0.07004228   0.00000000    -0.01926109   0.00000000
 -0.01926109   0.00000000     0.01926109   0.00000000     0.03778749   0.00000000
    6    5
 -0.01007992   0.00000000     0.00092089   0.00000000    -0.00210079   0.00000000
 -0.00092089   0.00000000     0.00202048   0.00000000    -0.00025402   0.00000000
  0.00210079   0.00000000    -0.00025402   0.00000000    -0.00196074   0.00000000
    6    6
  0.80696988   0.00000000    -0.75227506   0.00000000     0.05150249   0.00000000
 -0.75227506   0.00000000     0.80696988   0.00000000    -0.05150249   0.00000000
  0.05150249   0.00000000    -0.05150249   0.00000000     1.58938835   0.00000000
    6    7
  0.00160928   0.00000000     0.00330797   0.00000000     0.01227959   0.00000000
  0.00330797   0.00000000     0.00160928   0.00000000    -0.01227959   0.00000000
 -0.00180532   0.00000000     0.00180532   0.00000000     0.00296885   0.00000000
    6    8
 -0.34697923   0.00000000     0.24710934   0.00000000     0.11591603   0.00000000
  0.24710934   0.00000000    -0.34697923   0.00000000    -0.11591603   0.00000000
  0.12284614   0.00000000    -0.12284614   0.00000000    -0.34228583   0.00000000
    6    9
 -0.00800402   0.00000000    -0.00201000   0.00000000    -0.00232188   0.00000000
  0.00350661   0.00000000     0.00515609   0.00000000     0.00108331   0.00000000
  0.00756303   0.00000000     0.00443325   0.00000000     0.00270407   0.00000000
    6   10
  0.01071086   0.00000000     0.00001234   0.00000000    -0.00971718   0.00000000
  0.00001234   0.00000000     0.01071086   0.00000000     0.00971718   0.00000000
 -0.00553614   0.00000000     0.00553614   0.00000000    -0.00641232   0.00000000
    6   11
  0.00515609   0.00000000     0.00350661   0.00000000    -0.00108331   0.00000000
 -0.00201000   0.00000000    -0.00800402   0.00000000     0.00232188   0.00000000
 -0.00443325   0.00000000    -0.00756303   0.00000000     0.00270407   0.00000000
    6   12
 -0.32380942   0.00000000     0.31500504   0.00000000    -0.20749521   0.00000000
  0.31500504   0.00000000    -0.32380942   0.00000000     0.20749521   0.00000000
 -0.20627782   0.00000000     0.20627782   0.00000000    -0.30790376   0.00000000
    6   13
  0.00088604   0.00000000     0.00232374   0.00000000    -0.00034149   0.00000000
 -0.00248642   0.00000000     0.00484444   0.00000000     0.00013791   0.00000000
 -0.00144434   0.00000000     0.00004370   0.00000000    -0.00023154   0.00000000
    6   14
  0.00011886   0.00000000    -0.00048893   0.00000000     0.00489158   0.00000000
 -0.00048893   0.00000000     0.00011886   0.00000000    -0.00489158   0.00000000
 -0.00160943   0.00000000     0.00160943   0.00000000     0.00888964   0.00000000
    6   15
  0.00484444   0.00000000    -0.00248642   0.00000000    -0.00013791   0.00000000
  0.00232374   0.00000000     0.00088604   0.00000000     0.00034149   0.00000000
 -0.00004370   0.00000000     0.00144434   0.00000000    -0.00023154   0.00000000
    6   16
 -0.07939864   0.00000000     0.06616255   0.00000000    -0.01479236   0.00000000
  0.06616255   0.00000000    -0.07939864   0.00000000     0.01479236   0.00000000
 -0.01446249   0.00000000     0.01446249   0.00000000    -0.81546683   0.00000000
    7    1
 -0.18517386   0.00000000    -0.03004508   0.00000000     0.00000000   0.00000000
 -0.03004508   0.00000000    -0.18517386   0.00000000     0.00000000   0.00000000
  0.00000000   0.00000000     0.00000000   0.00000000    -0.82677654   0.00000000
    7    2
  0.01371120   0.00000000     0.00814107   0.00000000     0.00000000   0.00000000
  0.00814107   0.00000000     0.01371120   0.00000000     0.00000000   0.00000000
  0.00000000   0.00000000     0.00000000   0.00000000    -0.02555691   0.00000000
    7    3
 -0.34697923   0.00000000    -0.24710934   0.00000000     0.12284614   0.00000000
 -0.24710934   0.00000000    -0.34697923   0.00000000     0.12284614   0.00000000
  0.11591603   0.00000000     0.11591603   0.00000000    -0.34228583   0.00000000
    7    4
  0.00160928   0.00000000     0.00330797   0.00000000     0.00180532   0.00000000
  0.00330797   0.00000000     0.00160928   0.00000000    -0.00180532   0.00000000
 -0.01227959   0.00000000     0.01227959   0.00000000     0.00296885   0.00000000
    7    5
 -0.34697923   0.00000000    -0.24710934   0.00000000    -0.12284614   0.00000000
 -0.24710934   0.00000000    -0.34697923   0.00000000    -0.12284614   0.00000000
 -0.11591603   0.00000000    -0.11591603   0.00000000    -0.34228583   0.00000000
    7    6
  0.00160928   0.00000000     0.00330797   0.00000000    -0.00180532   0.00000000
  0.00330797   0.00000000     0.00160928   0.00000000     0.00180532   0.00000000
  0.01227959   0.00000000    -0.01227959   0.00000000     0.00296885   0.00000000
    7    7
  0.93006688   0.00000000     0.51315357   0.00000000     0.00000000   0.00000000
  0.51315357   0.00000000     0.93006688   0.00000000     0.00000000   0.00000000
  0.00000000   0.00000000     0.00000000   0.00000000     1.57298989   0.00000000
    7    8
 -0.00904467   0.00000000    -0.00000000   0.00000000     0.00000000   0.00000000
 -0.00000000   0.00000000    -0.00904467   0.00000000     0.00000000   0.00000000
  0.00000000   0.00000000     0.00000000   0.00000000     0.04253178   0.00000000
    7    9
 -0.03535249   0.00000000    -0.02455926   0.00000000     0.02073261   0.00000000
 -0.02455926   0.00000000    -0.03535249   0.00000000     0.02073261   0.00000000
 -0.01182129   0.00000000    -0.01182129   0.00000000     0.04075333   0.00000000
    7   10
  0.00354655   0.00000000     0.00223716   0.00000000     0.00415701   0.00000000
  0.00223716   0.00000000     0.00354655   0.00000000    -0.00415701   0.00000000
  0.03021166   0.00000000    -0.03021166   0.00000000    -0.02128597   0.00000000
    7   11
 -0.03535249   0.00000000    -0.02455926   0.00000000    -0.02073261   0.00000000
 -0.02455926   0.00000000    -0.03535249   0.00000000    -0.02073261   0.00000000
  0.01182129   0.00000000     0.01182129   0.00000000     0.04075333   0.00000000
    7   12
  0.00354655   0.00000000     0.00223716   0.00000000    -0.00415701   0.00000000
  0.00223716   0.00000000     0.00354655   0.00000000     0.00415701   0.00000000
 -0.03021166   0.00000000     0.03021166   0.00000000    -0.02128597   0.00000000
    7   13
  0.00456485   0.00000000     0.02014215   0.00000000     0.01625035   0.00000000
  0.02014215   0.00000000     0.00456485   0.00000000     0.01625035   0.00000000
  0.03439938   0.00000000     0.03439938   0.00000000    -0.05862543   0.00000000
    7   14
 -0.00237413   0.00000000     0.00039228   0.00000000    -0.00082660   0.00000000
  0.00039228   0.00000000    -0.00237413   0.00000000     0.00082660   0.00000000
 -0.00482637   0.00000000     0.00482637   0.00000000    -0.00307895   0.00000000
    7   15
  0.00456485   0.00000000     0.02014215   0.00000000    -0.01625035   0.00000000
  0.02014215   0.00000000     0.00456485   0.00000000    -0.01625035   0.00000000
 -0.03439938   0.00000000    -0.03439938   0.00000000    -0.05862543   0.00000000
    7   16
 -0.00237413   0.00000000     0.00039228   0.00000000     0.00082660   0.00000000
  0.00039228   0.00000000    -0.00237413   0.00000000    -0.00082660   0.00000000
  0.00482637   0.00000000    -0.00482637   0.00000000    -0.00307895   0.00000000
    8    1
  0.01371120   0.00000000    -0.00814107   0.00000000     0.00000000   0.00000000
 -0.00814107   0.00000000     0.01371120   0.00000000     0.00000000   0.00000000
  0.00000000   0.00000000     0.00000000   0.00000000    -0.02555691   0.00000000
    8    2
 -0.18517386   0.00000000     0.03004508   0.00000000     0.00000000   0.00000000
  0.03004508   0.00000000    -0.18517386   0.00000000     0.00000000   0.00000000
  0.00000000   0.00000000     0.00000000   0.00000000    -0.82677654   0.00000000
    8    3
  0.00160928   0.00000000    -0.00330797   0.00000000    -0.00180532   0.00000000
 -0.00330797   0.00000000     0.00160928   0.00000000    -0.00180532   0.00000000
  0.01227959   0.00000000     0.01227959   0.00000000     0.00296885   0.00000000
    8    4
 -0.34697923   0.00000000     0.24710934   0.00000000    -0.12284614   0.00000000
  0.24710934   0.00000000    -0.34697923   0.00000000     0.12284614   0.00000000
 -0.11591603   0.00000000     0.11591603   0.00000000    -0.34228583   0.00000000
    8    5
  0.00160928   0.00000000    -0.00330797   0.00000000     0.00180532   0.00000000
 -0.00330797   0.00000000     0.00160928   0.00000000     0.00180532   0.00000000
 -0.01227959   0.00000000    -0.01227959   0.00000000     0.00296885   0.00000000
    8    6
 -0.34697923   0.00000000     0.24710934   0.00000000     0.12284614   0.00000000
  0.24710934   0.00000000    -0.34697923   0.00000000    -0.12284614   0.00000000
  0.11591603   0.00000000    -0.11591603   0.00000000    -0.34228583   0.00000000
    8    7
 -0.00904467   0.00000000     0.00000000   0.00000000     0.00000000   0.00000000
  0.00000000   0.00000000    -0.00904467   0.00000000     0.00000000   0.00000000
  0.00000000   0.00000000     0.00000000   0.00000000     0.04253178   0.00000000
    8    8
  0.93006688   0.00000000    -0.51315357   0.00000000     0.00000000   0.00000000
 -0.51315357   0.00000000     0.93006688   0.00000000     0.00000000   0.00000000
  0.00000000   0.00000000     0.00000000   0.00000000     1.57298989   0.00000000
    8    9
  0.00354655   0.00000000    -0.00223716   0.00000000    -0.00415701   0.00000000
 -0.00223716   0.00000000     0.00354655   0.00000000    -0.00415701   0.00000000
 -0.03021166   0.00000000    -0.03021166   0.00000000    -0.02128597   0.00000000
    8   10
 -0.03535249   0.00000000     0.02455926   0.00000000    -0.02073261   0.00000000
  0.02455926   0.00000000    -0.03535249   0.00000000     0.02073261   0.00000000
  0.01182129   0.00000000    -0.01182129   0.00000000     0.04075333   0.00000000
    8   11
  0.00354655   0.00000000    -0.00223716   0.00000000     0.00415701   0.00000000
 -0.00223716   0.00000000     0.00354655   0.00000000     0.00415701   0.00000000
  0.03021166   0.00000000     0.03021166   0.00000000    -0.02128597   0.00000000
    8   12
 -0.03535249   0.00000000     0.02455926   0.00000000     0.02073261   0.00000000
  0.02455926   0.00000000    -0.03535249   0.00000000    -0.02073261   0.00000000
 -0.01182129   0.00000000     0.01182129   0.00000000     0.04075333   0.00000000
    8   13
 -0.00237413   0.00000000    -0.00039228   0.00000000     0.00082660   0.00000000
 -0.00039228   0.00000000    -0.00237413   0.00000000     0.00082660   0.00000000
  0.00482637   0.00000000     0.00482637   0.00000000    -0.00307895   0.00000000
    8   14
  0.00456485   0.00000000    -0.02014215   0.00000000    -0.01625035   0.00000000
 -0.02014215   0.00000000     0.00456485   0.00000000     0.01625035   0.00000000
 -0.03439938   0.00000000     0.03439938   0.00000000    -0.05862543   0.00000000
    8   15
 -0.00237413   0.00000000    -0.00039228   0.00000000    -0.00082660   0.00000000
 -0.00039228   0.00000000    -0.00237413   0.00000000    -0.00082660   0.00000000
 -0.00482637   0.00000000    -0.00482637   0.00000000    -0.00307895   0.00000000
    8   16
  0.00456485   0.00000000    -0.02014215   0.00000000     0.01625035   0.00000000
 -0.02014215   0.00000000     0.00456485   0.00000000    -0.01625035   0.00000000
  0.03439938   0.00000000    -0.03439938   0.00000000    -0.05862543   0.00000000
    9    1
  0.00257450   0.00000000     0.00953674   0.00000000    -0.00589887   0.00000000
  0.00953674   0.00000000     0.00257450   0.00000000    -0.00589887   0.00000000
 -0.00282154   0.00000000    -0.00282154   0.00000000    -0.00842929   0.00000000
    9    2
  0.00510434   0.00000000     0.01145020   0.00000000     0.01692282   0.00000000
  0.01145020   0.00000000     0.00510434   0.00000000     0.01692282   0.00000000
  0.00814589   0.00000000     0.00814589   0.00000000     0.00390775   0.00000000
    9    3
 -0.32380942   0.00000000    -0.31500504   0.00000000    -0.20627782   0.00000000
 -0.31500504   0.00000000    -0.32380942   0.00000000    -0.20627782   0.00000000
 -0.20749521   0.00000000    -0.20749521   0.00000000    -0.30790376   0.00000000
    9    4
  0.00515609   0.00000000    -0.00201000   0.00000000     0.00443325   0.00000000
  0.00350661   0.00000000    -0.00800402   0.00000000     0.00756303   0.00000000
  0.00108331   0.00000000    -0.00232188   0.00000000     0.00270407   0.00000000
    9    5
  0.01071086   0.00000000    -0.00001234   0.00000000     0.00553614   0.00000000
 -0.00001234   0.00000000     0.01071086   0.00000000     0.00553614   0.00000000
  0.00971718   0.00000000     0.00971718   0.00000000    -0.00641232   0.00000000
    9    6
 -0.00800402   0.00000000     0.00350661   0.00000000     0.00756303   0.00000000
 -0.00201000   0.00000000     0.00515609   0.00000000     0.00443325   0.00000000
 -0.00232188   0.00000000     0.00108331   0.00000000     0.00270407   0.00000000
    9    7
 -0.03535249   0.00000000    -0.02455926   0.00000000    -0.01182129   0.00000000
 -0.02455926   0.00000000    -0.03535249   0.00000000    -0.01182129   0.00000000
  0.02073261   0.00000000     0.02073261   0.00000000     0.04075333   0.00000000
    9    8
  0.00354655   0.00000000    -0.00223716   0.00000000    -0.03021166   0.00000000
 -0.00223716   0.00000000     0.00354655   0.00000000    -0.03021166   0.00000000
 -0.00415701   0.00000000    -0.00415701   0.00000000    -0.02128597   0.00000000
    9    9
  0.34129581   0.00000000     0.31197946   0.00000000     0.20834451   0.00000000
  0.31197946   0.00000000     0.34129581   0.00000000     0.20834451   0.00000000
  0.20834451   0.00000000     0.20834451   0.00000000     0.29623358   0.00000000
    9   10
 -0.00410647   0.00000000     0.00187345   0.00000000     0.00043321   0.00000000
 -0.00187345   0.00000000     0.00349624   0.00000000     0.00026935   0.00000000
 -0.00043321   0.00000000     0.00026935   0.00000000     0.00017593   0.00000000
    9   11
 -0.00073933   0.00000000    -0.00515624   0.00000000     0.00107102   0.00000000
 -0.00515624   0.00000000    -0.00073933   0.00000000     0.00107102   0.00000000
 -0.00107102   0.00000000    -0.00107102   0.00000000     0.00329425   0.00000000
    9   12
  0.00349624   0.00000000    -0.00187345   0.00000000     0.00026935   0.00000000
  0.00187345   0.00000000    -0.00410647   0.00000000     0.00043321   0.00000000
  0.00026935   0.00000000    -0.00043321   0.00000000     0.00017593   0.00000000
    9   13
  0.00511448   0.00000000     0.01314962   0.00000000     0.00457958   0.00000000
  0.01314962   0.00000000     0.00511448   0.00000000     0.00457958   0.00000000
 -0.03356874   0.00000000    -0.03356874   0.00000000    -0.00599952   0.00000000
    9   14
 -0.00445951   0.00000000    -0.00137556   0.00000000     0.00299401   0.00000000
 -0.00092668   0.00000000     0.00148739   0.00000000     0.00155227   0.00000000
  0.00230754   0.00000000     0.00130765   0.00000000     0.00063736   0.00000000
    9   15
 -0.00235767   0.00000000     0.00163127   0.00000000     0.00048037   0.00000000
  0.00163127   0.00000000    -0.00235767   0.00000000     0.00048037   0.00000000
  0.00026742   0.00000000     0.00026742   0.00000000    -0.00135284   0.00000000
    9   16
  0.00148739   0.00000000    -0.00092668   0.00000000     0.00155227   0.00000000
 -0.00137556   0.00000000    -0.00445951   0.00000000     0.00299401   0.00000000
  0.00130765   0.00000000     0.00230754   0.00000000     0.00063736   0.00000000
   10    1
  0.00510434   0.00000000    -0.01145020   0.00000000    -0.01692282   0.00000000
 -0.01145020   0.00000000     0.00510434   0.00000000     0.01692282   0.00000000
 -0.00814589   0.00000000     0.00814589   0.00000000     0.00390775   0.00000000
   10    2
  0.00257450   0.00000000    -0.00953674   0.00000000     0.00589887   0.00000000
 -0.00953674   0.00000000     0.00257450   0.00000000    -0.00589887   0.00000000
  0.00282154   0.00000000    -0.00282154   0.00000000    -0.00842929   0.00000000
   10    3
  0.00515609   0.00000000     0.00201000   0.00000000    -0.00443325   0.00000000
 -0.00350661   0.00000000    -0.00800402   0.00000000     0.00756303   0.00000000
 -0.00108331   0.00000000    -0.00232188   0.00000000     0.00270407   0.00000000
   10    4
 -0.32380942   0.00000000     0.31500504   0.00000000     0.20627782   0.00000000
  0.31500504   0.00000000    -0.32380942   0.00000000    -0.20627782   0.00000000
  0.20749521   0.00000000    -0.20749521   0.00000000    -0.30790376   0.00000000
   10    5
 -0.00800402   0.00000000    -0.00350661   0.00000000    -0.00756303   0.00000000
  0.00201000   0.00000000     0.00515609   0.00000000     0.00443325   0.00000000
  0.00232188   0.00000000     0.00108331   0.00000000     0.00270407   0.00000000
   10    6
